MeshAnim
1
35
79
30
0.77101240 -0.00988551 -0.63674350 0.00000000
-0.01891703 0.99908270 -0.03841689 0.00000000
0.63653920 0.04166519 0.77011810 0.00000000
0.01237277 0.85903010 0.05810552 1.00000000

0.94415800 0.16302230 0.28633810 0.00000000
0.27005680 -0.88075260 -0.38902950 0.00000000
0.18877250 0.44463290 -0.87559500 0.00000000
0.11171420 0.82644860 -0.02922745 1.00000000

0.94415800 0.16302230 0.28633810 0.00000000
0.10331390 -0.97167410 0.21254570 0.00000000
0.31287690 -0.17109390 -0.93425630 0.00000000
0.23063490 0.43860550 -0.20053820 1.00000000

0.99132820 0.06231824 -0.11569330 0.00000000
0.06203496 -0.99805560 -0.00605069 0.00000000
-0.11584550 -0.00117876 -0.99326660 0.00000000
0.26358810 0.12867860 -0.13274430 1.00000000

0.99116870 0.06228923 -0.11706710 0.00000000
0.06660174 -0.99722420 0.03329108 0.00000000
-0.11466850 -0.04079390 -0.99256580 0.00000000
0.25417840 0.02452946 -0.26947140 1.00000000

0.57535890 -0.23251700 -0.78415430 0.00000000
0.32070010 0.94610030 -0.04522921 0.00000000
0.75240520 -0.22545540 0.61891560 0.00000000
-0.09264131 0.82906830 0.13954030 1.00000000

0.57535620 -0.23252490 -0.78415390 0.00000000
-0.20701900 0.88611730 -0.41465580 0.00000000
0.79127010 0.40090950 0.46169610 0.00000000
-0.23386270 0.41244980 0.15945710 1.00000000

0.44429870 -0.10249550 -0.88999630 0.00000000
0.05992597 0.99460900 -0.08462721 0.00000000
0.89387240 -0.01573420 0.44804560 0.00000000
-0.16783180 0.12981180 0.29171690 1.00000000

0.43527990 -0.10270190 -0.89441810 0.00000000
-0.03788720 0.99050240 -0.13217310 0.00000000
0.89949760 0.09141923 0.42725480 0.00000000
-0.29655290 0.02833939 0.23914290 1.00000000

0.78026320 -0.01236937 -0.62532900 0.00000000
-0.00303019 0.99971800 -0.02355596 0.00000000
0.62544400 0.02027470 0.78000560 0.00000000
0.01174564 0.99543830 0.05522840 1.00000000

0.80547560 -0.03618800 -0.59152310 0.00000000
-0.04353745 0.99182340 -0.11996230 0.00000000
0.59102760 0.12238010 0.79731400 0.00000000
0.01122285 1.16791900 0.05116431 1.00000000

0.71129160 -0.09696779 -0.69617640 0.00000000
-0.32024930 0.83695890 -0.44377940 0.00000000
0.62570320 0.53860670 0.56426800 0.00000000
0.00950092 1.35533100 0.03735411 1.00000000

-0.32862630 0.76066610 -0.55981420 0.00000000
0.44790060 -0.39632170 -0.80144500 0.00000000
-0.83149840 -0.51411710 -0.21046100 0.00000000
0.02953235 1.43496200 -0.04418699 1.00000000

-0.50625400 0.16955390 -0.84555180 0.00000000
-0.23567430 -0.97035970 -0.05347650 0.00000000
-0.82955660 0.17220230 0.53120820 0.00000000
0.12981700 1.34622600 -0.22363000 1.00000000

-0.52371550 0.12548900 -0.84259970 0.00000000
-0.80313060 -0.40256510 0.43922940 0.00000000
-0.28408290 0.90674910 0.31161360 0.00000000
0.05935854 1.05612300 -0.23961810 1.00000000

0.40865090 -0.84252890 0.35092750 0.00000000
-0.87583750 -0.47016110 -0.10889010 0.00000000
0.25673540 -0.26285760 -0.93005000 0.00000000
-0.14236710 0.95500960 -0.12929510 1.00000000

-0.25035500 0.91137180 -0.32668750 0.00000000
0.25673540 -0.26285760 -0.93005000 0.00000000
-0.93349330 -0.31671470 -0.16817370 0.00000000
-0.17378630 0.93024900 -0.17935500 1.00000000

-0.85545870 -0.50444900 0.11713830 0.00000000
-0.50218040 0.75278380 -0.42559590 0.00000000
0.12651160 -0.42290440 -0.89730000 0.00000000
-0.24557650 0.87694540 -0.20981310 1.00000000

-0.96134090 0.17322550 -0.21404810 0.00000000
0.24650790 0.88780030 -0.38864480 0.00000000
0.12270880 -0.42638480 -0.89618040 0.00000000
-0.27317930 0.91832300 -0.23320640 1.00000000

-0.77466250 -0.62314470 0.10765090 0.00000000
-0.59210160 0.65496120 -0.46951250 0.00000000
0.22206700 -0.42745410 -0.87633870 0.00000000
-0.25790910 0.88643910 -0.16780260 1.00000000

-0.92672880 0.18702930 -0.32587430 0.00000000
0.30426690 0.88241630 -0.35883580 0.00000000
0.22044410 -0.43169650 -0.87466750 0.00000000
-0.29086700 0.92430110 -0.19466460 1.00000000

-0.78757350 -0.59848860 0.14676390 0.00000000
-0.57656190 0.63162050 -0.51829770 0.00000000
0.21749620 -0.49281600 -0.84251310 0.00000000
-0.27024270 0.90179850 -0.12962710 1.00000000

-0.92271970 0.17763170 -0.34210480 0.00000000
0.31825140 0.85180990 -0.41609660 0.00000000
0.21749620 -0.49281600 -0.84251310 0.00000000
-0.30141460 0.93594700 -0.15764900 1.00000000

-0.85721040 -0.51465970 -0.01776531 0.00000000
-0.36784410 0.63609010 -0.67829220 0.00000000
0.36039010 -0.57490440 -0.73457770 0.00000000
-0.27959980 0.91601180 -0.09829453 1.00000000

-0.92711440 -0.12102170 -0.35470110 0.00000000
0.11707940 0.80553590 -0.58086530 0.00000000
0.35602190 -0.58005690 -0.73265480 0.00000000
-0.29719200 0.94803130 -0.13202040 1.00000000

0.68371870 -0.43111230 -0.58878790 0.00000000
-0.62500730 -0.76243150 -0.16752370 0.00000000
-0.37668870 0.48253610 -0.79073690 0.00000000
-0.18856300 0.93026530 -0.22335850 1.00000000

-0.02737081 -0.83478780 -0.54989170 0.00000000
-0.98921440 0.10180520 -0.10531140 0.00000000
0.14389430 0.54107820 -0.82857050 0.00000000
-0.22459140 0.88412070 -0.23435470 1.00000000

0.09555538 -0.81469360 -0.57196460 0.00000000
-0.80313060 -0.40256510 0.43922940 0.00000000
-0.58809020 0.41739170 -0.69277250 0.00000000
-0.03271087 1.00997400 -0.18926570 1.00000000

-0.40300260 0.15578290 -0.90184280 0.00000000
-0.24064110 -0.96876970 -0.05980953 0.00000000
-0.88299520 0.19291710 0.42790450 0.00000000
0.12981700 1.34622600 -0.22363000 1.00000000

-0.55583610 0.17972670 -0.81163050 0.00000000
-0.23567430 -0.97035970 -0.05347650 0.00000000
-0.79718470 0.16155640 0.58171800 0.00000000
0.08503890 1.16185800 -0.23379060 1.00000000

-0.10146270 0.19593030 -0.97535460 0.00000000
0.54239320 -0.81098810 -0.21933540 0.00000000
-0.83397530 -0.55128020 -0.02398619 0.00000000
0.12416130 1.36165000 -0.31302670 1.00000000

0.89527700 0.26706030 -0.35659230 0.00000000
-0.44260590 0.62441880 -0.64358480 0.00000000
0.05078700 0.73401650 0.67723010 0.00000000
-0.04922586 1.50576700 -0.04360141 1.00000000

0.99522630 0.08942599 0.03908306 0.00000000
-0.07126928 0.93954150 -0.33493690 0.00000000
-0.06667227 0.33055260 0.94142960 0.00000000
-0.10288670 1.58147100 -0.12162850 1.00000000

0.99522630 0.08942599 0.03908306 0.00000000
-0.07126928 0.93954150 -0.33493690 0.00000000
-0.06667227 0.33055260 0.94142960 0.00000000
-0.09885531 1.59363800 -0.25212620 1.00000000

0.96556990 -0.21640930 0.14436690 0.00000000
-0.25824000 -0.86438010 0.43146230 0.00000000
0.03141543 -0.45388840 -0.89050490 0.00000000
-0.04782905 1.59687100 -0.22553090 1.00000000

0.94510530 0.32342260 -0.04662681 0.00000000
-0.31085110 0.84588430 -0.43341840 0.00000000
-0.10073630 0.42411990 0.89998580 0.00000000
-0.15273830 1.58567500 -0.22805740 1.00000000

0.99522630 0.08942599 0.03908306 0.00000000
0.07126928 -0.93954150 0.33493690 0.00000000
0.06667224 -0.33055260 -0.94142960 0.00000000
-0.06457791 1.61522500 -0.22382540 1.00000000

0.99522630 0.08942599 0.03908306 0.00000000
-0.07126928 0.93954150 -0.33493690 0.00000000
-0.06667227 0.33055260 0.94142960 0.00000000
-0.13852360 1.60858000 -0.22672890 1.00000000

0.97313700 0.21488750 -0.08263019 0.00000000
0.23020650 -0.91297690 0.33686550 0.00000000
-0.00305131 -0.34683830 -0.93792000 0.00000000
-0.08188079 1.60742200 -0.26271220 1.00000000

0.97994460 0.19926860 -0.00056681 0.00000000
-0.18778470 0.92251120 -0.33720900 0.00000000
-0.06667227 0.33055260 0.94142960 0.00000000
-0.11364200 1.60592800 -0.26555760 1.00000000

0.97411970 0.11830100 0.19260250 0.00000000
0.09370762 -0.98678830 0.13216660 0.00000000
0.20569330 -0.11069770 -0.97233570 0.00000000
-0.03474279 1.63330200 -0.24772240 1.00000000

0.99587540 0.07033254 -0.05732241 0.00000000
-0.08084102 0.97465320 -0.20860480 0.00000000
0.04119754 0.21237830 0.97631880 0.00000000
-0.16919840 1.62206100 -0.25441740 1.00000000

0.98081930 0.19491690 0.00102308 0.00000000
0.18301910 -0.92273080 0.33922260 0.00000000
0.06706405 -0.33252890 -0.94070560 0.00000000
-0.06458937 1.61542800 -0.22399800 1.00000000

0.99691000 -0.01720811 0.07664329 0.00000000
0.04418333 0.92956970 -0.36598930 0.00000000
-0.06494746 0.36824470 0.92745760 0.00000000
-0.13852150 1.60857000 -0.22675870 1.00000000

0.98597230 0.15574710 0.06001323 0.00000000
-0.12908800 0.93948450 -0.31734100 0.00000000
-0.10580660 0.30514240 0.94641060 0.00000000
-0.10157530 1.58466700 -0.16233430 1.00000000

0.92036850 0.38679160 0.05756852 0.00000000
0.36964770 -0.90854940 0.19467640 0.00000000
0.12760290 -0.15789390 -0.97917680 0.00000000
-0.06327131 1.52957100 -0.24733850 1.00000000

0.98569260 0.15776540 0.05933124 0.00000000
-0.14323570 0.96957330 -0.19852280 0.00000000
-0.08884609 0.18718410 0.97829870 0.00000000
-0.08970201 1.54130000 -0.25911590 1.00000000

0.99540860 -0.09550891 -0.00630051 0.00000000
0.09311200 0.98147470 -0.16744490 0.00000000
0.02217615 0.16608940 0.98586130 0.00000000
-0.11718310 1.52315400 -0.24794860 1.00000000

0.99421730 -0.00043037 0.10738570 0.00000000
-0.04367560 -0.91516860 0.40069850 0.00000000
0.09810361 -0.40307150 -0.90989540 0.00000000
-0.04205218 1.54058100 -0.21721060 1.00000000

0.95757440 0.28383760 -0.04987562 0.00000000
-0.27896640 0.86952480 -0.40755930 0.00000000
-0.07231259 0.40418190 0.91181580 0.00000000
-0.15041170 1.52647000 -0.21806320 1.00000000

0.98437620 0.13118720 0.11744480 0.00000000
0.05337632 -0.85794690 0.51095810 0.00000000
0.16779240 -0.49670630 -0.85154500 0.00000000
-0.06789457 1.55258700 -0.24314920 1.00000000

0.99265850 0.11739730 0.02910331 0.00000000
-0.08640485 0.85667650 -0.50856650 0.00000000
-0.08463645 0.50231810 0.86053060 0.00000000
-0.09363350 1.55184600 -0.25008860 1.00000000

0.98979450 0.12707940 -0.06448013 0.00000000
-0.14154940 0.82453470 -0.54781970 0.00000000
-0.01645055 0.55135610 0.83410790 0.00000000
-0.12139050 1.54850900 -0.24424560 1.00000000

0.99519710 0.08981086 0.03894573 0.00000000
0.06231813 -0.88806370 0.45547710 0.00000000
0.07549322 -0.45086250 -0.88939510 0.00000000
-0.07852715 1.57803800 -0.24747690 1.00000000

0.99519710 0.08981086 0.03894573 0.00000000
-0.06231815 0.88806370 -0.45547710 0.00000000
-0.07549319 0.45086240 0.88939520 0.00000000
-0.09599563 1.56638700 -0.26258780 1.00000000

0.99519710 0.08981086 0.03894573 0.00000000
-0.06231815 0.88806370 -0.45547710 0.00000000
-0.07549319 0.45086240 0.88939520 0.00000000
-0.11643080 1.57443000 -0.24889470 1.00000000

0.99522630 0.08942599 0.03908306 0.00000000
-0.07129691 0.93967840 -0.33454700 0.00000000
-0.06664282 0.33016340 0.94156810 0.00000000
-0.10807840 1.66677700 -0.18461890 1.00000000

0.39746080 -0.82596570 0.39975750 0.00000000
0.40152700 -0.23517790 -0.88513700 0.00000000
0.82510670 0.51232070 0.23817340 0.00000000
-0.06944733 1.45575000 0.01275903 1.00000000

0.83228640 -0.45635060 0.31471190 0.00000000
0.55425940 0.69508470 -0.45787990 0.00000000
-0.00979775 0.55551930 0.83144610 0.00000000
-0.15935160 1.50841200 0.21093430 1.00000000

0.87083680 -0.39567550 0.29169230 0.00000000
-0.01475927 0.57207310 0.82007000 0.00000000
-0.49135080 -0.71845240 0.49234240 0.00000000
-0.32505580 1.30060300 0.34782630 1.00000000

0.99967680 -0.01546261 0.02018094 0.00000000
-0.00149798 0.75658590 0.65389300 0.00000000
-0.02537963 -0.65371170 0.75631800 0.00000000
-0.32134970 1.15691300 0.14184640 1.00000000

-0.98422940 -0.11615200 -0.13342160 0.00000000
-0.02537963 -0.65371170 0.75631800 0.00000000
-0.17506730 0.74777660 0.64045440 0.00000000
-0.26951620 1.09000200 0.03586749 1.00000000

0.97762610 0.13861120 0.15822240 0.00000000
-0.20988240 0.69293880 0.68977200 0.00000000
-0.01402840 -0.70754710 0.70652690 0.00000000
-0.31473710 1.09909400 0.00098274 1.00000000

0.52418980 0.60005330 0.60428570 0.00000000
-0.85053750 0.33343460 0.40670260 0.00000000
0.04255345 -0.72715720 0.68515090 0.00000000
-0.30320030 1.06100500 -0.03693129 1.00000000

0.16210110 0.79137290 0.58945080 0.00000000
-0.98510430 0.09504334 0.14330600 0.00000000
0.05738512 -0.60390040 0.79499150 0.00000000
-0.31757400 1.06854300 0.03362807 1.00000000

-0.96886830 0.15660680 0.19175240 0.00000000
-0.24004400 -0.78382400 -0.57271190 0.00000000
0.06060946 -0.60091140 0.79701450 0.00000000
-0.26134430 1.06391000 0.02600334 1.00000000

0.00220963 0.76551150 0.64341860 0.00000000
-0.99428580 -0.06699032 0.08311689 0.00000000
0.10672980 -0.63992570 0.76098900 0.00000000
-0.31407550 1.04098800 0.06639931 1.00000000

-0.95323170 0.15956300 0.25668960 0.00000000
-0.27052280 -0.82917290 -0.48917280 0.00000000
0.13478610 -0.53573550 0.83355920 0.00000000
-0.26031940 1.04461000 0.06190509 1.00000000

0.04303357 0.76673190 0.64052370 0.00000000
-0.96982770 -0.12192850 0.21111100 0.00000000
0.23996360 -0.63028250 0.73835060 0.00000000
-0.31017240 1.01928800 0.09441962 1.00000000

-0.94832840 0.06309118 0.31095480 0.00000000
-0.17975710 -0.91441240 -0.36268130 0.00000000
0.26145880 -0.39983710 0.87850420 0.00000000
-0.26193000 1.02598000 0.08441726 1.00000000

0.19973780 -0.97984680 0.00233766 0.00000000
-0.92881910 -0.18857510 0.31895890 0.00000000
-0.31208980 -0.06587940 -0.94776550 0.00000000
-0.29473120 1.16344000 0.04478633 1.00000000

-0.94165290 -0.32314930 -0.09415275 0.00000000
-0.32926440 0.82636790 0.45683880 0.00000000
-0.06982231 0.46118480 -0.88455260 0.00000000
-0.24575770 1.17431400 0.02519210 1.00000000

0.96592900 -0.20378340 0.15954170 0.00000000
-0.01475927 0.57207310 0.82007000 0.00000000
-0.25838620 -0.79448430 0.54957430 0.00000000
-0.32336260 1.23501800 0.25381290 1.00000000

0.77414560 -0.62807470 -0.07887211 0.00000000
0.52942750 0.71072650 -0.46322210 0.00000000
0.34699450 0.31684430 0.88272570 0.00000000
-0.15935180 1.50841200 0.21093440 1.00000000

0.83134680 -0.48922470 0.26366990 0.00000000
0.55425940 0.69508470 -0.45787990 0.00000000
0.04073322 0.52679850 0.84901370 0.00000000
-0.26465920 1.37634500 0.29793200 1.00000000

0.70982430 -0.65973720 -0.24677230 0.00000000
0.03994042 0.38747490 -0.92101480 0.00000000
0.70324550 0.64390240 0.30138910 0.00000000
-0.21875130 1.56531600 0.23340790 1.00000000

0.99519930 -0.09786879 -0.00000003 0.00000000
0.09786879 0.99519940 -0.00000001 0.00000000
0.00000003 0.00000001 1.00000000 0.00000000
-0.15045200 0.90458920 0.11937950 1.00000000

1.00000000 0.00000000 0.00000000 0.00000000
0.00000000 1.00000000 0.00000000 0.00000000
0.00000000 0.00000000 1.00000000 0.00000000
0.00000000 0.00000000 0.00000000 1.00000000

1.00000000 0.00000000 0.00000000 0.00000000
0.00000000 1.00000000 0.00000000 0.00000000
0.00000000 0.00000000 1.00000000 0.00000000
0.00000000 0.00000000 0.00000000 1.00000000

0.77336880 0.00217374 -0.63395260 0.00000000
-0.02740288 0.99917410 -0.03000318 0.00000000
0.63336380 0.04057565 0.77278970 0.00000000
0.00778673 0.85920480 0.05973120 1.00000000

0.94254790 0.16586210 0.28998810 0.00000000
0.27282750 -0.88311990 -0.38166030 0.00000000
0.19279110 0.43884980 -0.87763460 0.00000000
0.10772130 0.82822450 -0.02750774 1.00000000

0.94254790 0.16586210 0.28998810 0.00000000
0.11181910 -0.97460930 0.19399400 0.00000000
0.31480110 -0.15042250 -0.93716250 0.00000000
0.22786200 0.43933890 -0.19557350 1.00000000

0.99148420 0.06271113 -0.11413260 0.00000000
0.06238306 -0.99803170 -0.00644772 0.00000000
-0.11431230 -0.00072713 -0.99344480 0.00000000
0.26352800 0.12847580 -0.13369680 1.00000000

0.99150570 0.06112226 -0.11480640 0.00000000
0.06558454 -0.99721560 0.03549705 0.00000000
-0.11231710 -0.04272507 -0.99275350 0.00000000
0.25436470 0.02439106 -0.27048960 1.00000000

0.57844710 -0.22666450 -0.78359570 0.00000000
0.31969030 0.94676510 -0.03786911 0.00000000
0.75046460 -0.22860260 0.62011590 0.00000000
-0.09725885 0.82764790 0.14052020 1.00000000

0.57844420 -0.22667260 -0.78359540 0.00000000
-0.21978180 0.88178370 -0.41731700 0.00000000
0.78555580 0.41361470 0.46024420 0.00000000
-0.23803560 0.41073660 0.15719610 1.00000000

0.44416000 -0.10271540 -0.89004000 0.00000000
0.05997552 0.99458700 -0.08485086 0.00000000
0.89393780 -0.01569320 0.44791620 0.00000000
-0.16793370 0.12948100 0.29030460 1.00000000

0.43495040 -0.10359450 -0.89447550 0.00000000
-0.03869717 0.99029180 -0.13350850 0.00000000
0.89962260 0.09268330 0.42671900 0.00000000
-0.29666900 0.02800506 0.23777170 1.00000000

0.78305980 -0.00823935 -0.62189170 0.00000000
-0.00805489 0.99969400 -0.02338717 0.00000000
0.62189410 0.02332282 0.78275390 0.00000000
0.00599233 0.99562220 0.05800995 1.00000000

0.81007530 -0.03037758 -0.58553810 0.00000000
-0.05040520 0.99135170 -0.12116520 0.00000000
0.58415510 0.12766710 0.80153850 0.00000000
0.00460262 1.16809800 0.05397495 1.00000000

0.71898690 -0.09026964 -0.68913640 0.00000000
-0.32496410 0.83281320 -0.44813000 0.00000000
0.61437460 0.54614430 0.56944760 0.00000000
0.00151726 1.35548000 0.03998514 1.00000000

-0.32808690 0.75675290 -0.56540620 0.00000000
0.46213080 -0.39344510 -0.79475530 0.00000000
-0.82388960 -0.52204060 -0.22063480 0.00000000
0.02147452 1.43520700 -0.04148110 1.00000000

-0.49440910 0.18135940 -0.85009930 0.00000000
-0.23577190 -0.96930800 -0.06966892 0.00000000
-0.83664290 0.16598460 0.52199400 0.00000000
0.12494530 1.34711400 -0.21942630 1.00000000

-0.51175990 0.13778760 -0.84800740 0.00000000
-0.80639860 -0.41751610 0.41880990 0.00000000
-0.29634990 0.89816210 0.32477960 0.00000000
0.05445766 1.05732600 -0.24025540 1.00000000

0.41691170 -0.84153060 0.34352710 0.00000000
-0.87148230 -0.47746830 -0.11199380 0.00000000
0.25826930 -0.25268650 -0.93244130 0.00000000
-0.14808870 0.95245680 -0.13506120 1.00000000

-0.25924660 0.91165760 -0.31886080 0.00000000
0.25826930 -0.25268650 -0.93244130 0.00000000
-0.93063870 -0.32408420 -0.16994520 0.00000000
-0.17932350 0.92781840 -0.18529650 1.00000000

-0.85055640 -0.51344060 0.11372250 0.00000000
-0.50966700 0.75153270 -0.41885410 0.00000000
0.12959030 -0.41421950 -0.90090430 0.00000000
-0.25063920 0.87409620 -0.21613120 1.00000000

-0.96314170 0.16593660 -0.21171460 0.00000000
0.23775410 0.89328310 -0.38146900 0.00000000
0.12582130 -0.41774480 -0.89981020 0.00000000
-0.27865370 0.91540500 -0.23915390 1.00000000

-0.76865630 -0.63128700 0.10317330 0.00000000
-0.59870740 0.65323590 -0.46350060 0.00000000
0.22520520 -0.41804310 -0.88006970 0.00000000
-0.26301890 0.88312360 -0.17403190 1.00000000

-0.92877270 0.18099480 -0.32345400 0.00000000
0.29559110 0.88819590 -0.35175900 0.00000000
0.22362370 -0.42231430 -0.87843230 0.00000000
-0.29635830 0.92089550 -0.20054750 1.00000000

-0.78175970 -0.60707960 0.14250190 0.00000000
-0.58299750 0.63044900 -0.51249250 0.00000000
0.22128320 -0.48372410 -0.84678510 0.00000000
-0.27545830 0.89804820 -0.13571850 1.00000000

-0.92469170 0.17177080 -0.33976580 0.00000000
0.30980570 0.85819950 -0.40928530 0.00000000
0.22128320 -0.48372410 -0.84678510 0.00000000
-0.30697810 0.93213340 -0.16342640 1.00000000

-0.85234650 -0.52254550 -0.02125970 0.00000000
-0.37449090 0.63821450 -0.67263620 0.00000000
0.36505090 -0.56535760 -0.73966790 0.00000000
-0.28491750 0.91191170 -0.10426020 1.00000000

-0.92628800 -0.12679580 -0.35484330 0.00000000
0.10891380 0.81140420 -0.57424840 0.00000000
0.36073330 -0.57056670 -0.73778400 0.00000000
-0.30284390 0.94404350 -0.13770220 1.00000000

0.68715760 -0.41974340 -0.59298400 0.00000000
-0.61797170 -0.76686550 -0.17328870 0.00000000
-0.38200210 0.48552380 -0.78634670 0.00000000
-0.19414380 0.92806130 -0.22928490 1.00000000

-0.02006248 -0.83040800 -0.55679490 0.00000000
-0.99023330 0.09335533 -0.10355070 0.00000000
0.13796900 0.54927920 -0.82417060 0.00000000
-0.22974710 0.88167240 -0.24063150 1.00000000

0.11137380 -0.80274910 -0.58582430 0.00000000
-0.80639860 -0.41751610 0.41880990 0.00000000
-0.58079020 0.42576340 -0.69383600 0.00000000
-0.03798637 1.00946300 -0.19224390 1.00000000

-0.40593610 0.17147160 -0.89767120 0.00000000
-0.24075940 -0.96760830 -0.07595714 0.00000000
-0.88161830 0.18528900 0.43407030 0.00000000
0.12494530 1.34711400 -0.21942630 1.00000000

-0.55082790 0.19235500 -0.81215030 0.00000000
-0.23577190 -0.96930800 -0.06966892 0.00000000
-0.80062480 0.15310670 0.57927380 0.00000000
0.08014863 1.16294600 -0.23266340 1.00000000

-0.09026045 0.19347760 -0.97694390 0.00000000
0.55265490 -0.80632390 -0.21074750 0.00000000
-0.82850810 -0.55893500 -0.03414747 0.00000000
0.12022720 1.36247800 -0.30835560 1.00000000

0.89565830 0.27979280 -0.34570540 0.00000000
-0.44359890 0.61773750 -0.64932320 0.00000000
0.03187931 0.73492630 0.67739730 0.00000000
-0.05804534 1.50515700 -0.04176352 1.00000000

0.99310470 0.10677040 0.04840606 0.00000000
-0.08460264 0.93857960 -0.33453100 0.00000000
-0.08115083 0.32812900 0.94114080 0.00000000
-0.11182660 1.58005000 -0.12048640 1.00000000

0.99310470 0.10677040 0.04840606 0.00000000
-0.08460264 0.93857960 -0.33453100 0.00000000
-0.08115083 0.32812900 0.94114080 0.00000000
-0.10680210 1.59245300 -0.25092740 1.00000000

0.96783350 -0.19967150 0.15306810 0.00000000
-0.24705030 -0.86931710 0.42808220 0.00000000
0.04758877 -0.45212780 -0.89068310 0.00000000
-0.05608846 1.59654500 -0.22385660 1.00000000

0.93969050 0.33996410 -0.03750274 0.00000000
-0.32158740 0.84087230 -0.43533370 0.00000000
-0.11646270 0.42113920 0.89948760 0.00000000
-0.16075790 1.58351900 -0.22736800 1.00000000

0.99310460 0.10677040 0.04840603 0.00000000
0.08460264 -0.93857960 0.33453100 0.00000000
0.08115065 -0.32812910 -0.94114080 0.00000000
-0.07317103 1.61460100 -0.22228590 1.00000000

0.99310470 0.10677040 0.04840606 0.00000000
-0.08460264 0.93857960 -0.33453100 0.00000000
-0.08115083 0.32812900 0.94114080 0.00000000
-0.14695910 1.60666700 -0.22588220 1.00000000

0.96994950 0.23198220 -0.07336599 0.00000000
0.24302600 -0.90924130 0.33796250 0.00000000
0.01169360 -0.34563640 -0.93829580 0.00000000
-0.08997439 1.60654600 -0.26134020 1.00000000

0.97627010 0.21637960 0.00873917 0.00000000
-0.20077620 0.91951690 -0.33790200 0.00000000
-0.08115083 0.32812900 0.94114080 0.00000000
-0.12167700 1.60450000 -0.26448160 1.00000000

0.97007710 0.13507510 0.20175550 0.00000000
0.10973870 -0.98516670 0.13192460 0.00000000
0.21658230 -0.10583670 -0.97051070 0.00000000
-0.04343711 1.63322700 -0.24588510 1.00000000

0.99497910 0.08781483 -0.04801050 0.00000000
-0.09595534 0.97335650 -0.20825390 0.00000000
0.02844360 0.21181510 0.97689590 0.00000000
-0.17760770 1.61964400 -0.25383870 1.00000000

0.97720590 0.21204190 0.01033223 0.00000000
0.19599680 -0.91982220 0.33987110 0.00000000
0.08157074 -0.33009910 -0.94041540 0.00000000
-0.07318442 1.61480300 -0.22245840 1.00000000

0.99630700 0.00013401 0.08586106 0.00000000
0.03128904 0.93066860 -0.36452310 0.00000000
-0.07995689 0.36586340 0.92722740 0.00000000
-0.14695650 1.60665600 -0.22591190 1.00000000

0.98249800 0.17289260 0.06932384 0.00000000
-0.14257180 0.93748860 -0.31747190 0.00000000
-0.11987870 0.30203180 0.94573030 0.00000000
-0.11019500 1.58332100 -0.16117470 1.00000000

0.91288580 0.40275730 0.06652990 0.00000000
0.38367720 -0.90219340 0.19707690 0.00000000
0.13939680 -0.15438270 -0.97812810 0.00000000
-0.07014806 1.52901200 -0.24588180 1.00000000

0.98218940 0.17490660 0.06864163 0.00000000
-0.15834220 0.96717300 -0.19875640 0.00000000
-0.10115210 0.18434750 0.97764220 0.00000000
-0.09666995 1.54029300 -0.25789050 1.00000000

0.99694360 -0.07807466 0.00281921 0.00000000
0.07746360 0.98316710 -0.16547580 0.00000000
0.01014802 0.16518830 0.98620990 0.00000000
-0.12393130 1.52165400 -0.24699880 1.00000000

0.99303700 0.01682268 0.11659590 0.00000000
-0.03135453 -0.91630520 0.39925150 0.00000000
0.11355390 -0.40012730 -0.90939760 0.00000000
-0.04940436 1.54035300 -0.21554620 1.00000000

0.95288010 0.30060750 -0.04067996 0.00000000
-0.29036190 0.86503360 -0.40915370 0.00000000
-0.08780509 0.40168630 0.91155820 0.00000000
-0.15748780 1.52435000 -0.21741900 1.00000000

0.98080120 0.14823500 0.12671040 0.00000000
0.06365725 -0.85753610 0.51047000 0.00000000
0.18432830 -0.49260350 -0.85050860 0.00000000
-0.07521202 1.55193900 -0.24170980 1.00000000

0.99014010 0.13470530 0.03843430 0.00000000
-0.09667918 0.85568500 -0.50838610 0.00000000
-0.10136990 0.49965770 0.86027120 0.00000000
-0.10086870 1.55075600 -0.24888830 1.00000000

0.98797260 0.14445570 -0.05516064 0.00000000
-0.15088740 0.82263410 -0.54818470 0.00000000
-0.03381124 0.54991450 0.83453630 0.00000000
-0.12861580 1.54692600 -0.24330650 1.00000000

0.99307000 0.10715490 0.04826903 0.00000000
0.07363750 -0.88742080 0.45504070 0.00000000
0.09159476 -0.44833270 -0.88916130 0.00000000
-0.08624795 1.57720500 -0.24610740 1.00000000

0.99307000 0.10715490 0.04826903 0.00000000
-0.07363753 0.88742080 -0.45504060 0.00000000
-0.09159473 0.44833270 0.88916160 0.00000000
-0.10336930 1.56527000 -0.26139250 1.00000000

0.99307000 0.10715490 0.04826903 0.00000000
-0.07363753 0.88742080 -0.45504060 0.00000000
-0.09159473 0.44833270 0.88916160 0.00000000
-0.12406780 1.57293700 -0.24788040 1.00000000

0.99310470 0.10677040 0.04840606 0.00000000
-0.08463629 0.93871530 -0.33414130 0.00000000
-0.08111584 0.32774030 0.94127930 0.00000000
-0.11792790 1.66533300 -0.18342670 1.00000000

0.40451680 -0.82163330 0.40160320 0.00000000
0.41040290 -0.22934470 -0.88259300 0.00000000
0.81727330 0.52184280 0.24442690 0.00000000
-0.07826909 1.45500400 0.01447600 1.00000000

0.83536350 -0.45001600 0.31567980 0.00000000
0.54915740 0.70866960 -0.44296000 0.00000000
-0.02437347 0.54339050 0.83912630 0.00000000
-0.17016070 1.50636100 0.21208170 1.00000000

0.87332030 -0.38852460 0.29387170 0.00000000
-0.02254230 0.57037360 0.82107620 0.00000000
-0.48662470 -0.72368700 0.48936050 0.00000000
-0.33433970 1.29449000 0.34451320 1.00000000

0.99975880 -0.00807898 0.02041894 0.00000000
-0.00736788 0.75254410 0.65850080 0.00000000
-0.02068615 -0.65849240 0.75230320 0.00000000
-0.32867850 1.15122700 0.13828050 1.00000000

-0.98329100 -0.12272180 -0.13445610 0.00000000
-0.02068615 -0.65849240 0.75230320 0.00000000
-0.18086230 0.74251430 0.64495100 0.00000000
-0.27631360 1.08535600 0.03191224 1.00000000

0.97651200 0.14497870 0.15939140 0.00000000
-0.21527860 0.68711630 0.69392120 0.00000000
-0.00891659 -0.71193590 0.70218810 0.00000000
-0.32159150 1.09432000 -0.00293152 1.00000000

0.51949510 0.60026920 0.60811360 0.00000000
-0.85313460 0.32454790 0.40844840 0.00000000
0.04781711 -0.73098960 0.68071140 0.00000000
-0.30975810 1.05655200 -0.04107366 1.00000000

0.15598400 0.78895210 0.59432690 0.00000000
-0.98583130 0.08676662 0.14355590 0.00000000
0.06169105 -0.60829820 0.79130760 0.00000000
-0.32420820 1.06355000 0.02952563 1.00000000

-0.97007220 0.14815310 0.19238260 0.00000000
-0.23398600 -0.78209080 -0.57756810 0.00000000
0.06489226 -0.60529740 0.79335020 0.00000000
-0.26794310 1.05938600 0.02189155 1.00000000

-0.00372428 0.76156130 0.64808260 0.00000000
-0.99377850 -0.07496075 0.08237532 0.00000000
0.11131440 -0.64374380 0.75710230 0.00000000
-0.32051230 1.03582300 0.06212923 1.00000000

-0.95447670 0.15082980 0.25734200 0.00000000
-0.26414750 -0.82817670 -0.49431770 0.00000000
0.13856680 -0.53979090 0.83031670 0.00000000
-0.26678360 1.03987600 0.05767505 1.00000000

0.03708997 0.76310580 0.64520870 0.00000000
-0.96894500 -0.13049470 0.21003960 0.00000000
0.24447870 -0.63296200 0.73456760 0.00000000
-0.31645430 1.01398200 0.09001777 1.00000000

-0.94886460 0.05406781 0.31101860 0.00000000
-0.17278040 -0.91350360 -0.36831890 0.00000000
0.26420240 -0.40322250 0.87613300 0.00000000
-0.26826070 1.02109700 0.08007255 1.00000000

0.20709070 -0.97831550 -0.00357999 0.00000000
-0.92746810 -0.19748920 0.31749200 0.00000000
-0.31131440 -0.06242935 -0.94825430 0.00000000
-0.30208200 1.15854600 0.04127093 1.00000000

-0.93917230 -0.32962950 -0.09643802 0.00000000
-0.33559270 0.82106550 0.46176740 0.00000000
-0.07303026 0.46604300 -0.88174300 0.00000000
-0.25318590 1.16990700 0.02175977 1.00000000

0.96743030 -0.19467950 0.16179790 0.00000000
-0.02254230 0.57037360 0.82107620 0.00000000
-0.25213200 -0.79798110 0.54740810 0.00000000
-0.33175410 1.22909900 0.25038440 1.00000000

0.78743700 -0.61258330 -0.06844527 0.00000000
0.52413210 0.72386900 -0.44866420 0.00000000
0.32438960 0.31742040 0.89107570 0.00000000
-0.17016090 1.50636100 0.21208180 1.00000000

0.83548480 -0.47808830 0.27091860 0.00000000
0.54915740 0.70866960 -0.44296000 0.00000000
0.01978227 0.51886320 0.85462860 0.00000000
-0.27449900 1.37171200 0.29624460 1.00000000

0.71932970 -0.65094080 -0.24257110 0.00000000
0.04167080 0.38899470 -0.92029730 0.00000000
0.69341790 0.65188880 0.30694070 0.00000000
-0.23049830 1.56259000 0.23431770 1.00000000

0.99490230 -0.10084400 -0.00000113 0.00000000
0.10084400 0.99490230 0.00000230 0.00000000
0.00000092 -0.00000240 1.00000000 0.00000000
-0.15564600 0.90283780 0.12078790 1.00000000

1.00000000 0.00000000 0.00000000 0.00000000
0.00000000 1.00000000 0.00000000 0.00000000
0.00000000 0.00000000 1.00000000 0.00000000
0.00000000 0.00000000 0.00000000 1.00000000

1.00000000 0.00000000 0.00000000 0.00000000
0.00000000 1.00000000 0.00000000 0.00000000
0.00000000 0.00000000 1.00000000 0.00000000
0.00000000 0.00000000 0.00000000 1.00000000

0.77495320 0.01410251 -0.63186130 0.00000000
-0.03580584 0.99912500 -0.02161500 0.00000000
0.63100360 0.03937493 0.77478010 0.00000000
0.00329305 0.85962140 0.06401711 1.00000000

0.94097630 0.16775270 0.29397740 0.00000000
0.27486640 -0.88555940 -0.37447700 0.00000000
0.19751490 0.43317850 -0.87940000 0.00000000
0.10371140 0.83022990 -0.02321607 1.00000000

0.94097630 0.16775270 0.29397740 0.00000000
0.12095170 -0.97784640 0.17084210 0.00000000
0.31612400 -0.12520120 -0.94042030 0.00000000
0.22475000 0.44027010 -0.18811860 1.00000000

0.99181240 0.06337070 -0.11087150 0.00000000
0.06296282 -0.99799000 -0.00717976 0.00000000
-0.11110370 0.00014018 -0.99380890 0.00000000
0.26332890 0.12837450 -0.13362650 1.00000000

0.99216500 0.05953814 -0.10983650 0.00000000
0.06426840 -0.99712900 0.04003822 0.00000000
-0.10713750 -0.04678347 -0.99314300 0.00000000
0.25466570 0.02441293 -0.27054550 1.00000000

0.58267330 -0.21840360 -0.78281020 0.00000000
0.31906790 0.94735240 -0.02681722 0.00000000
0.74745400 -0.23414390 0.62168260 0.00000000
-0.10168870 0.82649160 0.14425760 1.00000000

0.58267060 -0.21841200 -0.78281000 0.00000000
-0.23160270 0.87864670 -0.41754070 0.00000000
0.77900920 0.42458950 0.46137660 0.00000000
-0.24219130 0.40932170 0.15606670 1.00000000

0.44388820 -0.10320550 -0.89011910 0.00000000
0.06038405 0.99453250 -0.08519916 0.00000000
0.89404540 -0.01593012 0.44769320 0.00000000
-0.16831910 0.12906650 0.28924660 1.00000000

0.43455430 -0.10436690 -0.89457820 0.00000000
-0.03810131 0.99024370 -0.13403610 0.00000000
0.89983940 0.09233057 0.42633810 0.00000000
-0.29711170 0.02762884 0.23678060 1.00000000

0.78524550 -0.00512949 -0.61916340 0.00000000
-0.01369337 0.99957730 -0.02564747 0.00000000
0.61903320 0.02861799 0.78484330 0.00000000
0.00034519 0.99602830 0.06344615 1.00000000

0.81390550 -0.02676037 -0.58038060 0.00000000
-0.05683426 0.99048050 -0.12537180 0.00000000
0.57821080 0.13502630 0.80463670 0.00000000
-0.00201733 1.16848500 0.05902117 1.00000000

0.72611060 -0.08740895 -0.68199930 0.00000000
-0.32820590 0.82752950 -0.45549490 0.00000000
0.60418900 0.55457590 0.57218990 0.00000000
-0.00637369 1.35578300 0.04427594 1.00000000

-0.32529500 0.75143390 -0.57404730 0.00000000
0.47467320 -0.39528050 -0.78640880 0.00000000
-0.81784400 -0.52829970 -0.22810290 0.00000000
0.01362601 1.43526000 -0.03742287 1.00000000

-0.48785030 0.19380390 -0.85114180 0.00000000
-0.23483420 -0.96823570 -0.08586589 0.00000000
-0.84074710 0.15798750 0.51786570 0.00000000
0.11990500 1.34675700 -0.21349930 1.00000000

-0.50508190 0.15057990 -0.84983430 0.00000000
-0.80715580 -0.43106770 0.40333670 0.00000000
-0.30560160 0.88966670 0.33926590 0.00000000
0.04969772 1.05729000 -0.23917060 1.00000000

0.42537630 -0.83985290 0.33719830 0.00000000
-0.86681040 -0.48519830 -0.11499080 0.00000000
0.26018330 -0.24337290 -0.93438470 0.00000000
-0.15303880 0.94901660 -0.13786290 1.00000000

-0.26839390 0.91134750 -0.31210760 0.00000000
0.26018330 -0.24337290 -0.93438470 0.00000000
-0.92750740 -0.33198810 -0.17179780 0.00000000
-0.18405990 0.92443640 -0.18825900 1.00000000

-0.84539590 -0.52259680 0.11044770 0.00000000
-0.51728700 0.74949410 -0.41312660 0.00000000
0.13311860 -0.40638870 -0.90395140 0.00000000
-0.25486220 0.87023950 -0.21944460 1.00000000

-0.96485480 0.15797870 -0.20999730 0.00000000
0.22872590 0.89831920 -0.37511010 0.00000000
0.12938510 -0.40995870 -0.90288100 0.00000000
-0.28329530 0.91143630 -0.24215240 1.00000000

-0.76234680 -0.63955210 0.09900141 0.00000000
-0.60538290 0.65065180 -0.45843710 0.00000000
0.22877880 -0.40942200 -0.88319570 0.00000000
-0.26730470 0.87883960 -0.17727430 1.00000000

-0.93070230 0.17418340 -0.32164270 0.00000000
0.28662780 0.89358630 -0.34546840 0.00000000
0.22724060 -0.41372020 -0.88158850 0.00000000
-0.30103010 0.91647260 -0.20349780 1.00000000

-0.77566410 -0.61576020 0.13851130 0.00000000
-0.58947890 0.62837590 -0.50760130 0.00000000
0.22552340 -0.47537760 -0.85038590 0.00000000
-0.27986740 0.89336320 -0.13884720 1.00000000

-0.92654050 0.16511820 -0.33802290 0.00000000
0.30110250 0.86414870 -0.40321830 0.00000000
0.22552340 -0.47537760 -0.85038590 0.00000000
-0.31173770 0.92733630 -0.16629080 1.00000000

-0.84717750 -0.53074100 -0.02459580 0.00000000
-0.38115480 0.63935260 -0.66779470 0.00000000
0.37015140 -0.55636580 -0.74393930 0.00000000
-0.28944360 0.90690480 -0.10728410 1.00000000

-0.92520870 -0.13333270 -0.35526320 0.00000000
0.10058180 0.81657450 -0.56840990 0.00000000
0.36588630 -0.56163080 -0.74209080 0.00000000
-0.30770540 0.93909990 -0.14048300 1.00000000

0.69089790 -0.40865480 -0.59637400 0.00000000
-0.61050150 -0.77163520 -0.17851570 0.00000000
-0.38723190 0.48742310 -0.78260520 0.00000000
-0.19890810 0.92485210 -0.23223660 1.00000000

-0.01222622 -0.82651130 -0.56278840 0.00000000
-0.99116610 0.08435282 -0.10234790 0.00000000
0.13206420 0.55656510 -0.82024080 0.00000000
-0.23406030 0.87819830 -0.24390030 1.00000000

0.12425730 -0.79198040 -0.59776870 0.00000000
-0.80715580 -0.43106770 0.40333670 0.00000000
-0.57711370 0.43237490 -0.69281470 0.00000000
-0.04283308 1.00787300 -0.19293300 1.00000000

-0.40566910 0.18597440 -0.89490030 0.00000000
-0.23982030 -0.96643630 -0.09212748 0.00000000
-0.88199750 0.17724200 0.43665360 0.00000000
0.11990500 1.34675700 -0.21349930 1.00000000

-0.54579850 0.20443990 -0.81259380 0.00000000
-0.23483420 -0.96823570 -0.08586589 0.00000000
-0.80433660 0.14395940 0.57647070 0.00000000
0.07528657 1.16279200 -0.22981380 1.00000000

-0.07882434 0.18721210 -0.97915180 0.00000000
0.56013410 -0.80418200 -0.19885050 0.00000000
-0.82464350 -0.56413050 -0.04147497 0.00000000
0.11610710 1.36172200 -0.30195250 1.00000000

0.89618620 0.29029820 -0.33552570 0.00000000
-0.44346980 0.60928380 -0.65734910 0.00000000
0.01360303 0.73790250 0.67477020 0.00000000
-0.06650764 1.50449300 -0.03880700 1.00000000

0.99096830 0.12083900 0.05813453 0.00000000
-0.09448511 0.93684690 -0.33673500 0.00000000
-0.09515387 0.32820090 0.93980310 0.00000000
-0.12027320 1.57836200 -0.11850290 1.00000000

0.99096830 0.12083900 0.05813453 0.00000000
-0.09448511 0.93684690 -0.33673500 0.00000000
-0.09515387 0.32820090 0.93980310 0.00000000
-0.11412310 1.59066100 -0.24890550 1.00000000

0.96897710 -0.18578970 0.16298970 0.00000000
-0.23902800 -0.87214750 0.42687770 0.00000000
0.06284177 -0.45259390 -0.88950010 0.00000000
-0.06374471 1.59550400 -0.22133720 1.00000000

0.93513140 0.35314130 -0.02864420 0.00000000
-0.32905140 0.83567110 -0.43974860 0.00000000
-0.13135620 0.42064810 0.89766400 0.00000000
-0.16817980 1.58099700 -0.22587140 1.00000000

0.99096850 0.12083900 0.05813450 0.00000000
0.09448511 -0.93684690 0.33673500 0.00000000
0.09515381 -0.32820100 -0.93980320 0.00000000
-0.08109502 1.61331900 -0.21996310 1.00000000

0.99096830 0.12083900 0.05813453 0.00000000
-0.09448511 0.93684690 -0.33673500 0.00000000
-0.09515387 0.32820090 0.93980310 0.00000000
-0.15472430 1.60434000 -0.22428220 1.00000000

0.96726600 0.24554960 -0.06404597 0.00000000
0.25243690 -0.90527140 0.34170060 0.00000000
0.02592549 -0.34668290 -0.93762420 0.00000000
-0.09739259 1.60497600 -0.25917090 1.00000000

0.97298690 0.23014700 0.01814115 0.00000000
-0.21033900 0.91614220 -0.34123450 0.00000000
-0.09515387 0.32820090 0.93980310 0.00000000
-0.12903020 1.60247900 -0.26262470 1.00000000

0.96601530 0.14901950 0.21120520 0.00000000
0.12229550 -0.98334390 0.13445760 0.00000000
0.22772420 -0.10405870 -0.96814980 0.00000000
-0.05139270 1.63233200 -0.24329250 1.00000000

0.99407170 0.10178370 -0.03823063 0.00000000
-0.10758610 0.97162800 -0.21062830 0.00000000
0.01570740 0.21349280 0.97681860 0.00000000
-0.18527240 1.61684600 -0.25256150 1.00000000

0.97396770 0.22582490 0.01974979 0.00000000
0.20554490 -0.91651230 0.34315640 0.00000000
0.09559423 -0.33016400 -0.93907080 0.00000000
-0.08110949 1.61352100 -0.22013610 1.00000000

0.99530010 0.01430831 0.09577620 0.00000000
0.02180001 0.93053240 -0.36556020 0.00000000
-0.09435338 0.36593000 0.92584720 0.00000000
-0.15472130 1.60433000 -0.22431190 1.00000000

0.97922240 0.18683270 0.07884845 0.00000000
-0.15260040 0.93496070 -0.32025230 0.00000000
-0.13355400 0.30156590 0.94404520 0.00000000
-0.11828210 1.58160100 -0.15917770 1.00000000

0.90640770 0.41568810 0.07502389 0.00000000
0.39437330 -0.89642630 0.20221200 0.00000000
0.15131050 -0.15369920 -0.97646400 0.00000000
-0.07663036 1.52775100 -0.24340200 1.00000000

0.97889230 0.18884120 0.07816023 0.00000000
-0.16997130 0.96457730 -0.20174350 0.00000000
-0.11348900 0.18420010 0.97631480 0.00000000
-0.10318750 1.53864000 -0.25569080 1.00000000

0.99786740 -0.06399378 0.01285967 0.00000000
0.06524187 0.98394140 -0.16614030 0.00000000
-0.00202122 0.16662500 0.98601830 0.00000000
-0.13029080 1.51963300 -0.24504360 1.00000000

0.99148850 0.03098999 0.12645230 0.00000000
-0.02241446 -0.91612540 0.40026500 0.00000000
0.12825030 -0.39969260 -0.90763330 0.00000000
-0.05635231 1.53942400 -0.21287810 1.00000000

0.94890560 0.31397060 -0.03163216 0.00000000
-0.29843240 0.86030570 -0.41329450 0.00000000
-0.10254900 0.40161760 0.91004780 0.00000000
-0.16417540 1.52189400 -0.21580340 1.00000000

0.97730090 0.16222990 0.13625160 0.00000000
0.07064502 -0.85587360 0.51233750 0.00000000
0.19973050 -0.49108250 -0.84790680 0.00000000
-0.08205844 1.55060900 -0.23931430 1.00000000

0.98770970 0.14871600 0.04809272 0.00000000
-0.10365670 0.85355940 -0.51057980 0.00000000
-0.11698140 0.49931960 0.85848440 0.00000000
-0.10762310 1.54905500 -0.24674620 1.00000000

0.98633900 0.15831050 -0.04553354 0.00000000
-0.15699380 0.81969390 -0.55086760 0.00000000
-0.04988465 0.55049060 0.83334970 0.00000000
-0.13536770 1.54484200 -0.24143530 1.00000000

0.99092960 0.12122280 0.05799651 0.00000000
0.08159816 -0.88568790 0.45705430 0.00000000
0.10677220 -0.44817620 -0.88754600 0.00000000
-0.09340508 1.57571100 -0.24385870 1.00000000

0.99092960 0.12122280 0.05799651 0.00000000
-0.08159821 0.88568800 -0.45705430 0.00000000
-0.10677230 0.44817610 0.88754610 0.00000000
-0.11020320 1.56351500 -0.25929600 1.00000000

0.99092960 0.12122280 0.05799651 0.00000000
-0.08159821 0.88568800 -0.45705430 0.00000000
-0.10677230 0.44817610 0.88754610 0.00000000
-0.13114140 1.57090700 -0.24600190 1.00000000

0.99096830 0.12083900 0.05813453 0.00000000
-0.09452450 0.93698270 -0.33634590 0.00000000
-0.09511483 0.32781290 0.93994250 0.00000000
-0.12694800 1.66346700 -0.18162600 1.00000000

0.41338190 -0.81660300 0.40283390 0.00000000
0.41680120 -0.22363640 -0.88105830 0.00000000
0.80956300 0.53211520 0.24791380 0.00000000
-0.08680367 1.45445400 0.01750792 1.00000000

0.83741700 -0.44343020 0.31953460 0.00000000
0.54520580 0.71890720 -0.43118800 0.00000000
-0.03851396 0.53529630 0.84378590 0.00000000
-0.18012790 1.50453300 0.21477000 1.00000000

0.87487470 -0.38131400 0.29865370 0.00000000
-0.03030726 0.57230160 0.81948350 0.00000000
-0.48340030 -0.72599650 0.48913540 0.00000000
-0.34312550 1.28960100 0.34368200 1.00000000

0.99974270 -0.00266424 0.02253115 0.00000000
-0.01288396 0.75075270 0.66045780 0.00000000
-0.01867491 -0.66057810 0.75052510 0.00000000
