MeshAnim
1
40
79
30
0.77101240 -0.00988551 -0.63674350 0.00000000
-0.01891703 0.99908270 -0.03841689 0.00000000
0.63653920 0.04166519 0.77011810 0.00000000
0.01237277 0.85903010 0.05810552 1.00000000

0.94415800 0.16302230 0.28633810 0.00000000
0.27005680 -0.88075260 -0.38902950 0.00000000
0.18877250 0.44463290 -0.87559500 0.00000000
0.11171420 0.82644860 -0.02922745 1.00000000

0.94415800 0.16302230 0.28633810 0.00000000
0.10331390 -0.97167410 0.21254570 0.00000000
0.31287690 -0.17109390 -0.93425630 0.00000000
0.23063490 0.43860550 -0.20053820 1.00000000

0.99132820 0.06231824 -0.11569330 0.00000000
0.06203496 -0.99805560 -0.00605069 0.00000000
-0.11584550 -0.00117876 -0.99326660 0.00000000
0.26358810 0.12867860 -0.13274430 1.00000000

0.99116870 0.06228923 -0.11706710 0.00000000
0.06660174 -0.99722420 0.03329108 0.00000000
-0.11466850 -0.04079390 -0.99256580 0.00000000
0.25417840 0.02452946 -0.26947140 1.00000000

0.57535890 -0.23251700 -0.78415430 0.00000000
0.32070010 0.94610030 -0.04522921 0.00000000
0.75240520 -0.22545540 0.61891560 0.00000000
-0.09264131 0.82906830 0.13954030 1.00000000

0.57535620 -0.23252490 -0.78415390 0.00000000
-0.20701900 0.88611730 -0.41465580 0.00000000
0.79127010 0.40090950 0.46169610 0.00000000
-0.23386270 0.41244980 0.15945710 1.00000000

0.44429870 -0.10249550 -0.88999630 0.00000000
0.05992597 0.99460900 -0.08462721 0.00000000
0.89387240 -0.01573420 0.44804560 0.00000000
-0.16783180 0.12981180 0.29171690 1.00000000

0.43527990 -0.10270190 -0.89441810 0.00000000
-0.03788720 0.99050240 -0.13217310 0.00000000
0.89949760 0.09141923 0.42725480 0.00000000
-0.29655290 0.02833939 0.23914290 1.00000000

0.78026320 -0.01236937 -0.62532900 0.00000000
-0.00303019 0.99971800 -0.02355596 0.00000000
0.62544400 0.02027470 0.78000560 0.00000000
0.01174564 0.99543830 0.05522840 1.00000000

0.80547560 -0.03618800 -0.59152310 0.00000000
-0.04353745 0.99182340 -0.11996230 0.00000000
0.59102760 0.12238010 0.79731400 0.00000000
0.01122285 1.16791900 0.05116431 1.00000000

0.71129160 -0.09696779 -0.69617640 0.00000000
-0.32024930 0.83695890 -0.44377940 0.00000000
0.62570320 0.53860670 0.56426800 0.00000000
0.00950092 1.35533100 0.03735411 1.00000000

-0.26314600 0.69816040 -0.66582730 0.00000000
0.48924890 -0.49825250 -0.71580720 0.00000000
-0.83149840 -0.51411710 -0.21046100 0.00000000
0.02953235 1.43496200 -0.04418699 1.00000000

-0.00834909 0.01386022 -0.99986900 0.00000000
-0.10291660 -0.99460600 -0.01292798 0.00000000
-0.99465480 0.10279510 0.00973070 0.00000000
0.13907490 1.32340400 -0.20445580 1.00000000

-0.02683905 -0.04829551 -0.99847250 0.00000000
-0.99090840 -0.13044120 0.03294513 0.00000000
-0.13183310 0.99027900 -0.04435553 0.00000000
0.10830650 1.02605200 -0.20832140 1.00000000

0.40208880 -0.88483710 0.23534650 0.00000000
-0.87655960 -0.44626810 -0.18024290 0.00000000
0.26451340 -0.13382160 -0.95505200 0.00000000
-0.14058410 0.99328900 -0.20004640 1.00000000

-0.24376740 0.94888790 -0.20047220 0.00000000
0.26451330 -0.13382160 -0.95505200 0.00000000
-0.93306510 -0.28583800 -0.21837210 0.00000000
-0.17162280 0.97580470 -0.25331120 1.00000000

-0.85845110 -0.51140340 0.03909501 0.00000000
-0.49525050 0.80668470 -0.32246980 0.00000000
0.13337480 -0.29618640 -0.94577180 0.00000000
-0.24332500 0.92755990 -0.29144290 1.00000000

-0.95860400 0.20589250 -0.19668860 0.00000000
0.25356560 0.93152950 -0.26068600 0.00000000
0.12954800 -0.29976820 -0.94517530 0.00000000
-0.27054710 0.97190020 -0.30916780 1.00000000

-0.77802310 -0.62807770 0.01409209 0.00000000
-0.58512580 0.71628620 -0.38021310 0.00000000
0.22870940 -0.30406030 -0.92479130 0.00000000
-0.25601820 0.93125120 -0.24863680 1.00000000

-0.92288330 0.23476040 -0.30524420 0.00000000
0.31101920 0.92180550 -0.23139100 0.00000000
0.22705450 -0.30848370 -0.92373380 0.00000000
-0.28857540 0.97261350 -0.27032800 1.00000000

-0.79120900 -0.60896660 0.05610803 0.00000000
-0.56921460 0.69979420 -0.43160490 0.00000000
0.22356900 -0.37342720 -0.90031600 0.00000000
-0.26865340 0.94127980 -0.20882250 1.00000000

-0.91875680 0.22766290 -0.32257660 0.00000000
0.32542730 0.89928990 -0.29219050 0.00000000
0.22356900 -0.37342720 -0.90031600 0.00000000
-0.29942800 0.97911420 -0.23215730 1.00000000

-0.85896560 -0.50296440 -0.09594125 0.00000000
-0.35897750 0.72515210 -0.58761330 0.00000000
0.36512060 -0.47029900 -0.80343360 0.00000000
-0.27825200 0.95109870 -0.17591720 1.00000000

-0.92417400 -0.06639792 -0.37615640 0.00000000
0.12564740 0.87712800 -0.46352910 0.00000000
0.36071470 -0.47564470 -0.80227600 0.00000000
-0.29540190 0.98753940 -0.20507430 1.00000000

0.68760340 -0.34955870 -0.63640420 0.00000000
-0.62630570 -0.72897650 -0.27628650 0.00000000
-0.36734520 0.58855920 -0.72017740 0.00000000
-0.18598260 0.98194470 -0.29702360 1.00000000

-0.02536058 -0.75112590 -0.65967180 0.00000000
-0.98777760 0.12034620 -0.09905580 0.00000000
0.15379240 0.64909700 -0.74499740 0.00000000
-0.22208140 0.93793360 -0.31457820 1.00000000

0.09051095 -0.82751950 -0.55409320 0.00000000
-0.99090840 -0.13044120 0.03294513 0.00000000
-0.09953922 0.54607360 -0.83180240 0.00000000
-0.00528938 1.01109900 -0.20454470 1.00000000

-0.47856260 0.06090464 -0.87593850 0.00000000
-0.10291660 -0.99460600 -0.01292798 0.00000000
-0.87200110 0.08396178 0.48224930 0.00000000
0.13907490 1.32340400 -0.20445580 1.00000000

-0.35291380 0.04866288 -0.93438940 0.00000000
-0.10291660 -0.99460600 -0.01292798 0.00000000
-0.92997850 0.09160176 0.35601840 0.00000000
0.11952070 1.13442900 -0.20691210 1.00000000

-0.02653512 0.08327004 -0.99617350 0.00000000
0.52897080 -0.84440520 -0.08467399 0.00000000
-0.84822490 -0.52919370 -0.02164108 0.00000000
0.14035370 1.32819400 -0.29584440 1.00000000

0.89527700 0.26706030 -0.35659230 0.00000000
-0.44260590 0.62441880 -0.64358480 0.00000000
0.05078700 0.73401650 0.67723010 0.00000000
-0.04922586 1.50576700 -0.04360141 1.00000000

0.99522630 0.08942599 0.03908306 0.00000000
-0.07126928 0.93954150 -0.33493690 0.00000000
-0.06667227 0.33055260 0.94142960 0.00000000
-0.10288670 1.58147100 -0.12162850 1.00000000

0.99522630 0.08942599 0.03908306 0.00000000
-0.07126928 0.93954150 -0.33493690 0.00000000
-0.06667227 0.33055260 0.94142960 0.00000000
-0.09885531 1.59363800 -0.25212620 1.00000000

0.96556990 -0.21640930 0.14436690 0.00000000
-0.25824000 -0.86438010 0.43146230 0.00000000
0.03141543 -0.45388840 -0.89050490 0.00000000
-0.04781038 1.59662500 -0.22544320 1.00000000

0.94510530 0.32342260 -0.04662681 0.00000000
-0.31085110 0.84588430 -0.43341840 0.00000000
-0.10073630 0.42411990 0.89998580 0.00000000
-0.15273830 1.58567500 -0.22805740 1.00000000

0.99522630 0.08942599 0.03908306 0.00000000
0.07126928 -0.93954150 0.33493690 0.00000000
0.06667224 -0.33055260 -0.94142960 0.00000000
-0.06457791 1.61522500 -0.22382540 1.00000000

0.99522630 0.08942599 0.03908306 0.00000000
-0.07126928 0.93954150 -0.33493690 0.00000000
-0.06667227 0.33055260 0.94142960 0.00000000
-0.13852360 1.60858000 -0.22672890 1.00000000

0.97313700 0.21488750 -0.08263019 0.00000000
0.23020650 -0.91297690 0.33686550 0.00000000
-0.00305131 -0.34683830 -0.93792000 0.00000000
-0.08188079 1.60742200 -0.26271220 1.00000000

0.97994460 0.19926860 -0.00056681 0.00000000
-0.18778470 0.92251120 -0.33720900 0.00000000
-0.06667227 0.33055260 0.94142960 0.00000000
-0.11364200 1.60592800 -0.26555760 1.00000000

0.97411970 0.11830100 0.19260250 0.00000000
0.09370762 -0.98678830 0.13216660 0.00000000
0.20569330 -0.11069770 -0.97233570 0.00000000
-0.03474279 1.63330200 -0.24772240 1.00000000

0.99587540 0.07033254 -0.05732241 0.00000000
-0.08084102 0.97465320 -0.20860480 0.00000000
0.04119754 0.21237830 0.97631880 0.00000000
-0.16919840 1.62206100 -0.25441740 1.00000000

0.98081930 0.19491690 0.00102308 0.00000000
0.18301910 -0.92273080 0.33922260 0.00000000
0.06706405 -0.33252890 -0.94070560 0.00000000
-0.06458937 1.61542800 -0.22399800 1.00000000

0.99691000 -0.01720811 0.07664329 0.00000000
0.04418333 0.92956970 -0.36598930 0.00000000
-0.06494746 0.36824470 0.92745760 0.00000000
-0.13852150 1.60857000 -0.22675870 1.00000000

0.99387730 0.10672180 0.02860543 0.00000000
-0.09215302 0.94350990 -0.31827210 0.00000000
-0.06095612 0.31368740 0.94756770 0.00000000
-0.10157530 1.58466700 -0.16233430 1.00000000

0.96037220 0.27828080 -0.01564708 0.00000000
0.27188990 -0.92300740 0.27227540 0.00000000
0.06132656 -0.26574000 -0.96209220 0.00000000
-0.07166711 1.53793400 -0.25464680 1.00000000

0.99310820 0.11426770 0.02605787 0.00000000
-0.10086190 0.94650060 -0.30653520 0.00000000
-0.05969101 0.30179430 0.95150270 0.00000000
-0.09354905 1.53657900 -0.25837860 1.00000000

0.99535420 -0.06437408 0.07159722 0.00000000
0.08105891 0.96156650 -0.26233460 0.00000000
-0.05195785 0.26691940 0.96231720 0.00000000
-0.11782920 1.53394100 -0.25399270 1.00000000

0.99376790 0.10063070 0.04794684 0.00000000
0.07656354 -0.92882440 0.36252440 0.00000000
0.08101529 -0.35659400 -0.93074050 0.00000000
-0.04794014 1.54961200 -0.22285880 1.00000000

0.99315490 0.11623910 0.01147580 0.00000000
-0.10415530 0.92578880 -0.36341030 0.00000000
-0.05286670 0.35972740 0.93155860 0.00000000
-0.14647440 1.54094200 -0.22369850 1.00000000

0.98806830 0.15269540 0.02012143 0.00000000
0.13175410 -0.90566650 0.40300030 0.00000000
0.07975972 -0.39554080 -0.91497860 0.00000000
-0.07206418 1.55433600 -0.24712250 1.00000000

0.99462620 0.09691557 0.03641883 0.00000000
-0.07437733 0.91356780 -0.39982760 0.00000000
-0.07202068 0.39497010 0.91586660 0.00000000
-0.09478143 1.54924000 -0.25100960 1.00000000

0.99768300 0.05176426 0.04414660 0.00000000
-0.02899326 0.91053240 -0.41242020 0.00000000
-0.06154561 0.41018450 0.90992340 0.00000000
-0.12016910 1.55087000 -0.24760630 1.00000000

0.99519710 0.08981086 0.03894573 0.00000000
0.06231813 -0.88806370 0.45547710 0.00000000
0.07549322 -0.45086250 -0.88939510 0.00000000
-0.07854817 1.57831500 -0.24757560 1.00000000

0.99519710 0.08981086 0.03894573 0.00000000
-0.06231815 0.88806370 -0.45547710 0.00000000
-0.07549319 0.45086240 0.88939520 0.00000000
-0.09601595 1.56665500 -0.26268320 1.00000000

0.99519710 0.08981086 0.03894573 0.00000000
-0.06231815 0.88806370 -0.45547710 0.00000000
-0.07549319 0.45086240 0.88939520 0.00000000
-0.11644590 1.57462900 -0.24896560 1.00000000

0.99522630 0.08942599 0.03908306 0.00000000
-0.07129691 0.93967840 -0.33454700 0.00000000
-0.06664282 0.33016340 0.94156810 0.00000000
-0.10807840 1.66677700 -0.18461890 1.00000000

0.36080680 -0.78539880 0.50295870 0.00000000
0.60382370 -0.21428110 -0.76777650 0.00000000
0.71078520 0.58071730 0.39692820 0.00000000
-0.06944733 1.45575000 0.01275903 1.00000000

0.85607050 -0.38458220 0.34531150 0.00000000
0.50778840 0.75041900 -0.42311070 0.00000000
-0.09640759 0.53755750 0.83769780 0.00000000
-0.20464470 1.50373300 0.18465680 1.00000000

0.89155420 -0.31670580 0.32377220 0.00000000
-0.13977070 0.48758040 0.86181770 0.00000000
-0.43080750 -0.81361100 0.39043850 0.00000000
-0.35645540 1.27938100 0.31115390 1.00000000

0.99727120 -0.06637324 -0.03232107 0.00000000
0.06749889 0.64247920 0.76332460 0.00000000
-0.02989879 -0.76342350 0.64520630 0.00000000
-0.32134970 1.15691300 0.09468805 1.00000000

-0.99384160 -0.04620042 -0.10071980 0.00000000
-0.02989879 -0.76342350 0.64520630 0.00000000
-0.10670090 0.64424410 0.75734050 0.00000000
-0.27774740 1.10525300 -0.02289303 1.00000000

0.98952660 0.06473181 0.12902300 0.00000000
-0.14240540 0.58401070 0.79915730 0.00000000
-0.02361995 -0.80916080 0.58711240 0.00000000
-0.32381120 1.12191900 -0.05363180 1.00000000

0.58122280 0.47077830 0.66373800 0.00000000
-0.81315930 0.30508850 0.49567420 0.00000000
0.03085378 -0.82782160 0.56014230 0.00000000
-0.31598340 1.08981800 -0.09755837 1.00000000

0.22994230 0.67916450 0.69703810 0.00000000
-0.97153190 0.11822330 0.20530230 0.00000000
0.05702782 -0.72440280 0.68701480 0.00000000
-0.32696770 1.08674900 -0.02606039 1.00000000

-0.94991910 0.17047300 0.26190230 0.00000000
-0.30658490 -0.67063850 -0.67546270 0.00000000
0.06049368 -0.72193020 0.68931670 0.00000000
-0.27144590 1.08069400 -0.03710758 1.00000000

0.07125404 0.65276510 0.75420210 0.00000000
-0.99214170 -0.03158312 0.12106920 0.00000000
0.10284970 -0.75690190 0.64538500 0.00000000
-0.32363360 1.05421000 0.00178773 1.00000000

-0.93145210 0.16233850 0.32564320 0.00000000
-0.33601430 -0.72714990 -0.59862120 0.00000000
0.13961210 -0.66700800 0.73185350 0.00000000
-0.26999350 1.05591700 -0.00475840 1.00000000

0.11192690 0.65247080 0.74950270 0.00000000
-0.96544330 -0.10723630 0.23752810 0.00000000
0.23535400 -0.75018840 0.61792100 0.00000000
-0.31977040 1.02817800 0.02584375 1.00000000

-0.92962510 0.05835786 0.36385640 0.00000000
-0.24490210 -0.83562610 -0.49168270 0.00000000
0.27535430 -0.54619000 0.79111110 0.00000000
-0.27169070 1.03405100 0.01461849 1.00000000

0.14527610 -0.97624680 -0.16073920 0.00000000
-0.92371960 -0.19203420 0.33145940 0.00000000
-0.35445350 0.10032500 -0.92967620 0.00000000
-0.29847720 1.17746900 -0.00136455 1.00000000

-0.96115620 -0.25860590 -0.09644574 0.00000000
-0.26383900 0.75826540 0.59617350 0.00000000
-0.08104241 0.59846200 -0.79704170 0.00000000
-0.24983680 1.18895300 -0.02143480 1.00000000

0.96679920 -0.12083790 0.22516170 0.00000000
-0.13977070 0.48758040 0.86181770 0.00000000
-0.21392450 -0.86467560 0.45450290 0.00000000
-0.34043060 1.22348200 0.21235450 1.00000000

0.86016090 -0.46883390 0.20079350 0.00000000
0.50778840 0.75041900 -0.42311070 0.00000000
0.04768923 0.46590370 0.88354950 0.00000000
-0.20464470 1.50373300 0.18465680 1.00000000

0.85724750 -0.39151330 0.33443110 0.00000000
0.50778840 0.75041900 -0.42311070 0.00000000
-0.08531022 0.53253070 0.84210050 0.00000000
-0.30112280 1.36115300 0.26504830 1.00000000

0.79476110 -0.60350500 -0.06431744 0.00000000
0.21292760 0.37649440 -0.90161750 0.00000000
0.56834570 0.70287540 0.42772590 0.00000000
-0.27634440 1.55798000 0.19462250 1.00000000

0.99519930 -0.09786879 -0.00000003 0.00000000
0.09786879 0.99519940 -0.00000001 0.00000000
0.00000003 0.00000001 1.00000000 0.00000000
-0.15045200 0.90458920 0.11937950 1.00000000

1.00000000 0.00000000 0.00000000 0.00000000
0.00000000 1.00000000 0.00000000 0.00000000
0.00000000 0.00000000 1.00000000 0.00000000
0.00000000 0.00000000 0.00000000 1.00000000

1.00000000 0.00000000 0.00000000 0.00000000
0.00000000 1.00000000 0.00000000 0.00000000
0.00000000 0.00000000 1.00000000 0.00000000
0.00000000 0.00000000 0.00000000 1.00000000

0.77155710 -0.01003264 -0.63608100 0.00000000
-0.02163659 0.99888330 -0.04199984 0.00000000
0.63579200 0.04616790 0.77047840 0.00000000
0.01395746 0.86131560 0.05276575 1.00000000

0.94963680 0.16587130 0.26585100 0.00000000
0.26085970 -0.88853990 -0.37742470 0.00000000
0.17361530 0.42776610 -0.88705920 0.00000000
0.11345970 0.82869660 -0.03437002 1.00000000

0.94963680 0.16587130 0.26585100 0.00000000
0.10943100 -0.97054120 0.21465100 0.00000000
0.29362380 -0.17474810 -0.93981290 0.00000000
0.22833030 0.43742440 -0.20057060 1.00000000

0.99164160 0.06302497 -0.11258170 0.00000000
0.06239174 -0.99801000 -0.00914275 0.00000000
-0.11293380 0.00204219 -0.99360050 0.00000000
0.26323460 0.12785880 -0.13210510 1.00000000

0.99148630 0.06300038 -0.11395600 0.00000000
0.06684293 -0.99730610 0.03021474 0.00000000
-0.11174540 -0.03757463 -0.99302630 0.00000000
0.25426110 0.02415580 -0.26920010 1.00000000

0.56931610 -0.24138900 -0.78588200 0.00000000
0.31005310 0.94837730 -0.06668895 0.00000000
0.76141070 -0.20569810 0.61477000 0.00000000
-0.09104028 0.83135530 0.13422210 1.00000000

0.56931360 -0.24139640 -0.78588150 0.00000000
-0.19005370 0.89138190 -0.41148260 0.00000000
0.79985090 0.38362240 0.46159760 0.00000000
-0.22757320 0.41373400 0.16358890 1.00000000

0.44286390 -0.10370310 -0.89057140 0.00000000
0.05836058 0.99451610 -0.08678541 0.00000000
0.89468750 -0.01354022 0.44648740 0.00000000
-0.16695350 0.12941690 0.29483650 1.00000000

0.43383770 -0.10393130 -0.89497670 0.00000000
-0.03953089 0.99017240 -0.13414870 0.00000000
0.90012350 0.09357795 0.42546570 0.00000000
-0.29562330 0.02765328 0.24270090 1.00000000

0.77989040 -0.00521024 -0.62589450 0.00000000
-0.02328165 0.99903180 -0.03732631 0.00000000
0.62548300 0.04368229 0.77901410 0.00000000
0.01295706 0.99771050 0.04940099 1.00000000

0.80604480 -0.03713278 -0.59068850 0.00000000
-0.04936728 0.99033390 -0.12962180 0.00000000
0.58979200 0.13364170 0.79642040 0.00000000
0.00894030 1.17007300 0.04296112 1.00000000

0.73080690 -0.10995860 -0.67366940 0.00000000
-0.29324080 0.84064780 -0.45532550 0.00000000
0.61638560 0.53030230 0.58210680 0.00000000
0.00611116 1.35732800 0.02732893 1.00000000

-0.24831900 0.71551050 -0.65297970 0.00000000
0.50357170 -0.48049590 -0.71801050 0.00000000
-0.82749820 -0.50711790 -0.24099480 0.00000000
0.02989421 1.43641500 -0.05373297 1.00000000

-0.03199041 0.03441654 -0.99889550 0.00000000
-0.13220380 -0.99077150 -0.02990282 0.00000000
-0.99070630 0.13110120 0.03624502 0.00000000
0.14264360 1.32883200 -0.21449510 1.00000000

-0.05092591 -0.02341045 -0.99842800 0.00000000
-0.98139920 -0.18411760 0.05437428 0.00000000
-0.18510090 0.98262560 -0.01359857 0.00000000
0.10311940 1.03262700 -0.22343560 1.00000000

0.39181340 -0.89286580 0.22197540 0.00000000
-0.87627430 -0.43568020 -0.20573410 0.00000000
0.28040320 -0.11390210 -0.95310050 0.00000000
-0.14338270 0.98638130 -0.20977820 1.00000000

-0.23369750 0.95495640 -0.18287780 0.00000000
0.28040320 -0.11390200 -0.95310050 0.00000000
-0.93099940 -0.27401670 -0.24115410 0.00000000
-0.17799440 0.97066450 -0.26529730 1.00000000

-0.83778440 -0.54534010 0.02686968 0.00000000
-0.52306700 0.78750780 -0.32593390 0.00000000
0.15658470 -0.28711720 -0.94501090 0.00000000
-0.24494200 0.92350080 -0.30444120 1.00000000

-0.95807530 0.18141900 -0.22176360 0.00000000
0.23278840 0.94411830 -0.23334640 0.00000000
0.16703750 -0.27518750 -0.94676850 0.00000000
-0.27369290 0.96678700 -0.32235640 1.00000000

-0.76657560 -0.64203540 -0.01234230 0.00000000
-0.59318880 0.71535340 -0.36931900 0.00000000
0.24594490 -0.27578980 -0.92922080 0.00000000
-0.25836290 0.92630610 -0.26179010 1.00000000

-0.91911320 0.23817970 -0.31384970 0.00000000
0.30906410 0.92990360 -0.19939680 0.00000000
0.24435740 -0.28026810 -0.92829930 0.00000000
-0.29138950 0.96762960 -0.28283610 1.00000000

-0.79341040 -0.60791330 0.03068236 0.00000000
-0.56164660 0.71173230 -0.42188880 0.00000000
0.23463410 -0.35196370 -0.90612840 0.00000000
-0.27162990 0.93551460 -0.22198330 1.00000000

-0.91546620 0.23357950 -0.32766240 0.00000000
0.32693610 0.90647400 -0.26724100 0.00000000
0.23459520 -0.35177490 -0.90621190 0.00000000
-0.30199530 0.97399440 -0.24479270 1.00000000

-0.85916270 -0.49423920 -0.13254250 0.00000000
-0.33959140 0.74448330 -0.57482380 0.00000000
0.38277600 -0.44885710 -0.80747150 0.00000000
-0.28174030 0.94464920 -0.18903420 1.00000000

-0.90951550 -0.01996145 -0.41519070 0.00000000
0.17238820 0.89078400 -0.42045990 0.00000000
0.37823810 -0.45398880 -0.80674060 0.00000000
-0.29792570 0.98204450 -0.21752620 1.00000000

0.70843680 -0.31448440 -0.63183620 0.00000000
-0.61429080 -0.71555380 -0.33261100 0.00000000
-0.34751180 0.62376500 -0.70010940 0.00000000
-0.18713950 0.97758220 -0.30776910 1.00000000

-0.00738418 -0.71421240 -0.69989040 0.00000000
-0.98949640 0.10626800 -0.09800279 0.00000000
0.14437080 0.69181500 -0.70749500 0.00000000
-0.22248680 0.93443110 -0.32866950 1.00000000

0.12094210 -0.81290350 -0.56970300 0.00000000
-0.98139920 -0.18411760 0.05437428 0.00000000
-0.14909340 0.55252980 -0.82005010 0.00000000
-0.00938630 1.01152000 -0.21720220 1.00000000

-0.46061720 0.08811907 -0.88321410 0.00000000
-0.13220380 -0.99077150 -0.02990282 0.00000000
-0.87769820 0.10299060 0.46801600 0.00000000
0.14264360 1.32883200 -0.21449510 1.00000000

-0.34570790 0.07436083 -0.93539120 0.00000000
-0.13220380 -0.99077150 -0.02990282 0.00000000
-0.92898240 0.11332470 0.35234830 0.00000000
0.11752490 1.14058500 -0.22017660 1.00000000

-0.00554639 0.10892440 -0.99403460 0.00000000
0.52965140 -0.84284350 -0.09531254 0.00000000
-0.84819750 -0.52702050 -0.05301732 0.00000000
0.14585890 1.33595100 -0.30573340 1.00000000

0.90993000 0.25214700 -0.32931640 0.00000000
-0.41269970 0.62950150 -0.65833630 0.00000000
0.04130760 0.73494870 0.67686340 0.00000000
-0.04772367 1.50844200 -0.05573724 1.00000000

0.99374290 0.10325800 0.04257858 0.00000000
-0.08497947 0.94636840 -0.31171370 0.00000000
-0.07248196 0.30614490 0.94922160 0.00000000
-0.09739934 1.58392300 -0.13499550 1.00000000

0.99372090 0.10350270 0.04249799 0.00000000
-0.08523644 0.94634160 -0.31172470 0.00000000
-0.07248196 0.30614490 0.94922160 0.00000000
-0.09342805 1.59937200 -0.26514740 1.00000000

0.96855870 -0.20549500 0.14023520 0.00000000
-0.24570570 -0.87853660 0.40963680 0.00000000
0.03902352 -0.43121390 -0.90140570 0.00000000
-0.04245845 1.60245900 -0.23833220 1.00000000

0.93943300 0.34060500 -0.03813222 0.00000000
-0.32512310 0.85042710 -0.41360460 0.00000000
-0.10844700 0.40095150 0.90965780 0.00000000
-0.14717020 1.59007100 -0.24140000 1.00000000

0.99374290 0.10325800 0.04257858 0.00000000
0.08497947 -0.94636840 0.31171370 0.00000000
0.07248187 -0.30614500 -0.94922170 0.00000000
-0.05950342 1.62076100 -0.23627710 1.00000000

0.99374290 0.10325800 0.04257858 0.00000000
-0.08497947 0.94636840 -0.31171370 0.00000000
-0.07248196 0.30614490 0.94922160 0.00000000
-0.13333890 1.61308800 -0.23944050 1.00000000

0.96989620 0.23134710 -0.07602632 0.00000000
0.24350040 -0.91749330 0.31450540 0.00000000
0.00300628 -0.32355000 -0.94620630 0.00000000
-0.07665180 1.61366900 -0.27536880 1.00000000

0.97685960 0.21380740 0.00563487 0.00000000
-0.20122540 0.92766460 -0.31455770 0.00000000
-0.07248196 0.30614490 0.94922160 0.00000000
-0.10838380 1.61176500 -0.27828910 1.00000000

0.97206380 0.12801070 0.19673690 0.00000000
0.10831060 -0.98824780 0.10786730 0.00000000
0.20823300 -0.08354525 -0.97450480 0.00000000
-0.02991920 1.63986600 -0.25968130 1.00000000

0.99476710 0.08656576 -0.05426809 0.00000000
-0.09519266 0.97819940 -0.18456520 0.00000000
0.03710806 0.18876530 0.98132110 0.00000000
-0.16418500 1.62678400 -0.26682510 1.00000000

0.97779760 0.20943110 0.00711796 0.00000000
0.19646180 -0.92800490 0.31655920 0.00000000
0.07290274 -0.30813240 -0.94854610 0.00000000
-0.05951769 1.62096800 -0.23644480 1.00000000

0.99698380 -0.00423519 0.07749495 0.00000000
0.03063813 0.93888960 -0.34285240 0.00000000
-0.07130730 0.34419250 0.93618750 0.00000000
-0.13333240 1.61302000 -0.23942670 1.00000000

0.99214550 0.12078560 0.03252992 0.00000000
-0.10593580 0.94961200 -0.29498320 0.00000000
-0.06652042 0.28922020 0.95494870 0.00000000
-0.09609779 1.58814400 -0.17560820 1.00000000

0.95671240 0.29094080 -0.00740293 0.00000000
0.28349380 -0.92586810 0.24979910 0.00000000
0.06582275 -0.24108470 -0.96826950 0.00000000
-0.06540866 1.54415900 -0.26900810 1.00000000

0.99127730 0.12828600 0.03019777 0.00000000
-0.11460130 0.95219390 -0.28318430 0.00000000
-0.06508273 0.27725350 0.95859000 0.00000000
-0.08726443 1.54257000 -0.27280080 1.00000000

0.99623980 -0.04978807 0.07090354 0.00000000
0.06539921 0.96893270 -0.23852150 0.00000000
-0.05682510 0.24226160 0.96854540 0.00000000
-0.11150650 1.53946200 -0.26851310 1.00000000

0.99211790 0.11412570 0.05174491 0.00000000
0.08999117 -0.93626970 0.33956040 0.00000000
0.08719972 -0.33222730 -0.93916000 0.00000000
-0.04188849 1.55539900 -0.23691030 1.00000000

0.99129090 0.13076070 0.01562336 0.00000000
-0.11768150 0.93282810 -0.34056270 0.00000000
-0.05910614 0.33575810 0.94009210 0.00000000
-0.14028150 1.54528500 -0.23809250 1.00000000

0.98605700 0.16442590 0.02560425 0.00000000
0.14247510 -0.91368890 0.38062280 0.00000000
0.08597869 -0.37166780 -0.92437610 0.00000000
-0.06605766 1.56036200 -0.26108130 1.00000000

0.99303340 0.11080140 0.04009965 0.00000000
-0.08763851 0.92196360 -0.37723020 0.00000000
-0.07876796 0.37108790 0.92525100 0.00000000
-0.08869266 1.55502500 -0.26512270 1.00000000

0.99675770 0.06553897 0.04667887 0.00000000
-0.04223014 0.91991530 -0.38983620 0.00000000
-0.06849006 0.38660100 0.91970040 0.00000000
-0.11410560 1.55619200 -0.26171280 1.00000000

0.99370810 0.10364570 0.04245099 0.00000000
0.07514784 -0.89802580 0.43347730 0.00000000
0.08304995 -0.42755970 -0.90016430 0.00000000
-0.07289001 1.58419600 -0.26093360 1.00000000

0.99370810 0.10364570 0.04245099 0.00000000
-0.07514784 0.89802590 -0.43347730 0.00000000
-0.08304995 0.42755960 0.90016430 0.00000000
-0.09017643 1.57270600 -0.27636500 1.00000000

0.99370810 0.10364570 0.04245099 0.00000000
-0.07514784 0.89802590 -0.43347730 0.00000000
-0.08304995 0.42755960 0.90016430 0.00000000
-0.11073590 1.58003300 -0.26248120 1.00000000

0.99374290 0.10325800 0.04257858 0.00000000
-0.08500951 0.94649520 -0.31132060 0.00000000
-0.07244673 0.30575310 0.94935080 0.00000000
-0.10380560 1.67067400 -0.19586580 1.00000000

0.33703220 -0.79320030 0.50719100 0.00000000
0.64386730 -0.19885460 -0.73884510 0.00000000
0.68690930 0.57557820 0.44369540 0.00000000
-0.07018626 1.45855500 0.00170637 1.00000000

0.85595940 -0.36416890 0.36703470 0.00000000
0.50285010 0.75151230 -0.42704900 0.00000000
-0.12031310 0.55010010 0.82638660 0.00000000
-0.21434910 1.50308500 0.16712640 1.00000000

0.88989580 -0.29784360 0.34550640 0.00000000
-0.14526440 0.53295530 0.83358070 0.00000000
-0.43241620 -0.79198970 0.43100850 0.00000000
-0.36468340 1.27840500 0.29480100 1.00000000

0.99720910 -0.07283701 -0.01639330 0.00000000
0.05841073 0.62438560 0.77892940 0.00000000
-0.04649919 -0.77771300 0.62689750 0.00000000
-0.32819780 1.14454100 0.08542754 1.00000000

-0.99220230 -0.03669298 -0.11911540 0.00000000
-0.04649919 -0.77771300 0.62689750 0.00000000
-0.11564040 0.62754780 0.76994230 0.00000000
-0.28288170 1.09526300 -0.03252760 1.00000000

0.98752020 0.05458597 0.14773000 0.00000000
-0.15245600 0.56663750 0.80974000 0.00000000
-0.03950909 -0.82215700 0.56788800 0.00000000
-0.32828090 1.11296000 -0.06367648 1.00000000

0.57281750 0.45121530 0.68431340 0.00000000
-0.81954000 0.29968030 0.48841150 0.00000000
0.01530334 -0.84059280 0.54145110 0.00000000
-0.31990070 1.08181400 -0.10818480 1.00000000

0.22224580 0.66139690 0.71635250 0.00000000
-0.97417240 0.12053800 0.19094230 0.00000000
0.03994101 -0.74028680 0.67110360 0.00000000
-0.33216390 1.07719300 -0.03697882 1.00000000

-0.95320460 0.17132450 0.24909580 0.00000000
-0.29919690 -0.65281080 -0.69593050 0.00000000
0.04338250 -0.73789290 0.67352220 0.00000000
-0.27649850 1.07099000 -0.04718954 1.00000000

0.06239641 0.63484950 0.77011220 0.00000000
-0.99431630 -0.02715383 0.10294650 0.00000000
0.08626693 -0.77215840 0.62954680 0.00000000
-0.32954430 1.04400300 -0.00983065 1.00000000

-0.93592150 0.16160390 0.31294630 0.00000000
-0.33036350 -0.71084700 -0.62093260 0.00000000
0.12211170 -0.68452990 0.71868470 0.00000000
-0.27578650 1.04547200 -0.01539698 1.00000000

0.10314290 0.63436810 0.76611920 0.00000000
-0.97019520 -0.10563660 0.21808790 0.00000000
0.21927810 -0.76577940 0.60456510 0.00000000
-0.32628430 1.01740200 0.01368557 1.00000000

-0.93548030 0.05676776 0.34878980 0.00000000
-0.24189630 -0.82239220 -0.51493440 0.00000000
0.25761020 -0.56608200 0.78306340 0.00000000
-0.27797490 1.02318200 0.00344045 1.00000000

0.14141060 -0.97335020 -0.18053310 0.00000000
-0.93071620 -0.19285580 0.31076390 0.00000000
-0.33729900 0.12407980 -0.93318460 0.00000000
-0.30349390 1.16711700 -0.00971345 1.00000000

-0.96105070 -0.24937170 -0.11914520 0.00000000
-0.26912660 0.74635230 0.60871110 0.00000000
-0.06287089 0.61706750 -0.78439470 0.00000000
-0.25442950 1.17870400 -0.02866137 1.00000000

0.96355830 -0.11506780 0.24148440 0.00000000
-0.14526440 0.53295530 0.83358070 0.00000000
-0.22461870 -0.83828280 0.49681840 0.00000000
-0.34802870 1.21730500 0.19923880 1.00000000

0.86206160 -0.47213530 0.18422340 0.00000000
0.50285010 0.75151230 -0.42704900 0.00000000
0.06317884 0.46077920 0.88526320 0.00000000
-0.21434910 1.50308500 0.16712640 1.00000000

0.85992160 -0.38486140 0.33528600 0.00000000
0.50285010 0.75151230 -0.42704900 0.00000000
-0.08761698 0.53582730 0.83976920 0.00000000
-0.30988890 1.36029600 0.24826630 1.00000000

0.79930580 -0.59999860 -0.03334567 0.00000000
0.25826110 0.39309530 -0.88248370 0.00000000
0.54259710 0.69676250 0.46915960 0.00000000
-0.28727910 1.55719400 0.17461170 1.00000000

0.99493800 -0.10049080 -0.00018004 0.00000000
0.10049090 0.99493780 0.00052005 0.00000000
0.00012684 -0.00053552 0.99999990 0.00000000
-0.14904220 0.90664410 0.11374500 1.00000000

1.00000000 0.00000000 0.00000000 0.00000000
0.00000000 1.00000000 0.00000000 0.00000000
0.00000000 0.00000000 1.00000000 0.00000000
0.00000000 0.00000000 0.00000000 1.00000000

1.00000000 0.00000000 0.00000000 0.00000000
0.00000000 1.00000000 0.00000000 0.00000000
0.00000000 0.00000000 1.00000000 0.00000000
0.00000000 0.00000000 0.00000000 1.00000000

0.77223160 -0.01020544 -0.63525920 0.00000000
-0.02508261 0.99860180 -0.04653338 0.00000000
0.63484590 0.05186851 0.77089580 0.00000000
0.01838687 0.86634360 0.04027415 1.00000000

0.95957400 0.16830790 0.22558860 0.00000000
0.24286430 -0.90021720 -0.36142200 0.00000000
0.14224850 0.40159860 -0.90470110 0.00000000
0.11809060 0.83367980 -0.04661408 1.00000000

0.95957400 0.16830790 0.22558860 0.00000000
0.11816830 -0.96835540 0.21982750 0.00000000
0.25544860 -0.18428330 -0.94909740 0.00000000
0.22503700 0.43726540 -0.20576780 1.00000000

0.99176280 0.06240978 -0.11185660 0.00000000
0.06137837 -0.99803450 -0.01264389 0.00000000
-0.11242590 0.00567417 -0.99364410 0.00000000
0.26272810 0.12839700 -0.13565120 1.00000000

0.99160780 0.06239023 -0.11323100 0.00000000
0.06581023 -0.99747440 0.02671811 0.00000000
-0.11127810 -0.03394560 -0.99320950 0.00000000
0.25371860 0.02518904 -0.27311690 1.00000000

0.55981520 -0.25456350 -0.78854580 0.00000000
0.29429070 0.95068040 -0.09797806 0.00000000
0.77459670 -0.17721200 0.60712090 0.00000000
-0.08658807 0.83638430 0.12176020 1.00000000

0.55981310 -0.25457000 -0.78854520 0.00000000
-0.15617740 0.90216590 -0.40212600 0.00000000
0.81376790 0.34826840 0.46528610 0.00000000
-0.21618000 0.41774880 0.16490530 1.00000000

0.44152360 -0.10343010 -0.89126840 0.00000000
0.05835954 0.99454080 -0.08650411 0.00000000
0.89534970 -0.01382038 0.44514920 0.00000000
-0.16636550 0.12999190 0.29316850 1.00000000

0.43249070 -0.10365570 -0.89566020 0.00000000
-0.03960297 0.99022710 -0.13372320 0.00000000
0.90076830 0.09330475 0.42415900 0.00000000
-0.29512600 0.02826428 0.24118690 1.00000000

0.77884940 0.00541279 -0.62718770 0.00000000
-0.05441279 0.99677580 -0.05896804 0.00000000
0.62484630 0.08005425 0.77663270 0.00000000
0.01691349 1.00271700 0.03629227 1.00000000

0.80572770 -0.03890364 -0.59100720 0.00000000
-0.05814742 0.98782440 -0.14429760 0.00000000
0.58942510 0.15063020 0.79365530 0.00000000
0.00752570 1.17469000 0.02611857 1.00000000

0.75745960 -0.13085920 -0.63963330 0.00000000
-0.25041110 0.84655050 -0.46973030 0.00000000
0.60295050 0.51597300 0.60845920 0.00000000
0.00304533 1.36166100 0.00770287 1.00000000

-0.24100880 0.75084460 -0.61493690 0.00000000
0.52359370 -0.43290280 -0.73378800 0.00000000
-0.81716870 -0.49882640 -0.28880410 0.00000000
0.03251847 1.43985800 -0.07234564 1.00000000

-0.06156132 0.07772707 -0.99507240 0.00000000
-0.19020940 -0.97960590 -0.06475133 0.00000000
-0.97981160 0.18528590 0.07509008 0.00000000
0.14975080 1.34293200 -0.23664030 1.00000000

-0.08047453 0.02909702 -0.99633220 0.00000000
-0.95040760 -0.30350440 0.06790170 0.00000000
-0.30041530 0.95238590 0.05207835 0.00000000
0.09288494 1.05006500 -0.25599930 1.00000000

0.38735220 -0.90641640 0.16842730 0.00000000
-0.87381530 -0.41920570 -0.24640170 0.00000000
0.29394820 -0.05173008 -0.95442070 0.00000000
-0.14583280 0.97383240 -0.23894410 1.00000000

-0.22973110 0.96544040 -0.12308130 0.00000000
0.29394810 -0.05172995 -0.95442070 0.00000000
-0.92780300 -0.25543950 -0.27190520 0.00000000
-0.19019400 0.96288230 -0.29916260 1.00000000

-0.77602100 -0.63065810 0.00788394 0.00000000
-0.60025530 0.73465770 -0.31618370 0.00000000
0.19361170 -0.25009750 -0.94866530 0.00000000
-0.24610400 0.91753750 -0.33897380 1.00000000

-0.96205030 0.10886720 -0.25021480 0.00000000
0.15602830 0.97174430 -0.17711190 0.00000000
0.22386310 -0.20943090 -0.95185290 0.00000000
-0.27909760 0.95791880 -0.35635320 1.00000000

-0.74162440 -0.66776260 -0.06392920 0.00000000
-0.61723410 0.71660330 -0.32481160 0.00000000
0.26270880 -0.20142860 -0.94361580 0.00000000
-0.26013420 0.91756760 -0.29642670 1.00000000

-0.91974800 0.24331870 -0.30799390 0.00000000
0.29290600 0.94781540 -0.12590740 0.00000000
0.26128560 -0.20601600 -0.94302030 0.00000000
-0.29455260 0.95898960 -0.31489040 1.00000000

-0.79068040 -0.61197770 -0.01755837 0.00000000
-0.56148620 0.73628040 -0.37765730 0.00000000
0.24404580 -0.28874730 -0.92577910 0.00000000
-0.27396050 0.92417340 -0.25629460 1.00000000

-0.91724370 0.24144240 -0.31681290 0.00000000
0.31489140 0.92661160 -0.20551170 0.00000000
0.24394310 -0.28826580 -0.92595640 0.00000000
-0.30431730 0.96398040 -0.27671260 1.00000000

-0.85545530 -0.48154880 -0.19054610 0.00000000
-0.32525440 0.78589950 -0.52590120 0.00000000
0.40299700 -0.38790880 -0.82892720 0.00000000
-0.28453200 0.93114840 -0.22296440 1.00000000

-0.88774920 0.06219681 -0.45610690 0.00000000
0.23066160 0.91756860 -0.32382680 0.00000000
0.39836820 -0.39268320 -0.82891670 0.00000000
-0.30000720 0.97059400 -0.24897850 1.00000000

0.74202300 -0.21502540 -0.63495370 0.00000000
-0.58153010 -0.67766720 -0.45010030 0.00000000
-0.33350430 0.70322960 -0.62788820 0.00000000
-0.18818550 0.97158690 -0.33791640 1.00000000

0.02921659 -0.61280330 -0.78969540 0.00000000
-0.99416640 0.06424703 -0.08663699 0.00000000
0.10382690 0.78761990 -0.60735120 0.00000000
-0.22152390 0.93086420 -0.36581780 1.00000000

0.19803500 -0.75892150 -0.62033910 0.00000000
-0.95040760 -0.30350440 0.06790170 0.00000000
-0.23980770 0.57612820 -0.78138930 0.00000000
-0.01606797 1.01527200 -0.24821520 1.00000000

-0.46914500 0.14863470 -0.87052350 0.00000000
-0.19020940 -0.97960590 -0.06475133 0.00000000
-0.86239410 0.13520390 0.48784880 0.00000000
0.14975080 1.34293200 -0.23664030 1.00000000

-0.36851940 0.13237640 -0.92014690 0.00000000
-0.19020940 -0.97960590 -0.06475133 0.00000000
-0.90995280 0.15115850 0.38618280 0.00000000
0.11361100 1.15680700 -0.24894310 1.00000000

0.01491603 0.16757270 -0.98574700 0.00000000
0.53968040 -0.83127450 -0.13314670 0.00000000
-0.84173800 -0.53000210 -0.10283490 0.00000000
0.15482560 1.35551100 -0.32704810 1.00000000

0.93014590 0.22759870 -0.28814520 0.00000000
-0.36599460 0.63794280 -0.67755220 0.00000000
0.02961010 0.73568200 0.67667970 0.00000000
-0.04303385 1.51386100 -0.07800235 1.00000000

0.99172790 0.12431700 0.03195563 0.00000000
-0.11265670 0.96232250 -0.24747530 0.00000000
-0.06151682 0.24182820 0.96836710 0.00000000
-0.08622997 1.58863900 -0.15841880 1.00000000

0.99161990 0.12523530 0.03171924 0.00000000
-0.11360300 0.96220340 -0.24750570 0.00000000
-0.06151682 0.24182820 0.96836710 0.00000000
-0.08508283 1.61262300 -0.28732720 1.00000000

0.97552040 -0.19066000 0.10958440 0.00000000
-0.21758870 -0.90904590 0.35537490 0.00000000
0.03186145 -0.37051980 -0.92827810 0.00000000
-0.03369883 1.61519200 -0.26125840 1.00000000

0.92902970 0.36852570 -0.03305581 0.00000000
-0.35585220 0.86544820 -0.35265950 0.00000000
-0.10135600 0.33939420 0.93516780 0.00000000
-0.13807620 1.60059800 -0.26338200 1.00000000

0.99172790 0.12431700 0.03195554 0.00000000
0.11265670 -0.96232250 0.24747530 0.00000000
0.06151676 -0.24182820 -0.96836700 0.00000000
-0.05111904 1.63290300 -0.25771160 1.00000000

0.99172790 0.12431700 0.03195563 0.00000000
-0.11265670 0.96232250 -0.24747530 0.00000000
-0.06151682 0.24182820 0.96836710 0.00000000
-0.12480480 1.62366600 -0.26008570 1.00000000

0.96269270 0.25924300 -0.07756406 0.00000000
0.27049460 -0.92985750 0.24939480 0.00000000
-0.00746965 -0.26107120 -0.96529070 0.00000000
-0.06883837 1.62796900 -0.29688250 1.00000000

0.97160470 0.23659600 0.00263798 0.00000000
-0.22847380 0.94103230 -0.24951610 0.00000000
-0.06151682 0.24182820 0.96836710 0.00000000
-0.10056540 1.62547000 -0.29936340 1.00000000

0.97240940 0.13844460 0.18775880 0.00000000
0.13307970 -0.99025930 0.04094700 0.00000000
0.19159880 -0.01483032 -0.98136150 0.00000000
-0.02243173 1.65420300 -0.28032430 1.00000000

0.99130120 0.11399730 -0.06578031 0.00000000
-0.12118940 0.98554840 -0.11835520 0.00000000
0.05133757 0.12529750 0.99079010 0.00000000
-0.15646950 1.63834500 -0.28596790 1.00000000

0.97267100 0.23215650 0.00381428 0.00000000
0.22375810 -0.94161750 0.25157340 0.00000000
0.06199610 -0.24384470 -0.96783070 0.00000000
-0.05114122 1.63312000 -0.25786500 1.00000000

0.99810620 0.01488818 0.05968809 0.00000000
0.00249176 0.95969150 -0.28104470 0.00000000
-0.06146643 0.28066120 0.95783670 0.00000000
-0.12478590 1.62349600 -0.26001020 1.00000000

0.98953690 0.14241800 0.02310675 0.00000000
-0.13336140 0.96396060 -0.23020610 0.00000000
-0.05505940 0.22471590 0.97286750 0.00000000
-0.08579585 1.59552600 -0.19868390 1.00000000

0.95049970 0.31068580 -0.00500518 0.00000000
0.30627700 -0.93405250 0.18368630 0.00000000
0.05239362 -0.17612670 -0.98297230 0.00000000
-0.05587669 1.55847400 -0.29528630 1.00000000

0.98855170 0.14935020 0.02144986 0.00000000
-0.14115990 0.96566390 -0.21809920 0.00000000
-0.05328643 0.21257440 0.97569080 0.00000000
-0.07775804 1.55660700 -0.29879400 1.00000000

0.99838470 -0.02759905 0.04966339 0.00000000
0.03593808 0.98377790 -0.17575510 0.00000000
-0.04400697 0.17725610 0.98318040 0.00000000
-0.10183640 1.55264000 -0.29429800 1.00000000

0.99010810 0.13387080 0.04200915 0.00000000
0.11729020 -0.95402880 0.27581230 0.00000000
0.07700115 -0.26815680 -0.96029330 0.00000000
-0.03201777 1.56816700 -0.26293480 1.00000000

0.98811100 0.15358910 0.00687185 0.00000000
-0.14572280 0.94987810 -0.27657990 0.00000000
-0.04900691 0.27229030 0.96096630 0.00000000
-0.13015630 1.55577000 -0.26306500 1.00000000

0.98307160 0.18217130 0.01959699 0.00000000
0.16667110 -0.93356080 0.31731010 0.00000000
0.07609972 -0.30867230 -0.94811970 0.00000000
-0.05674861 1.57410600 -0.28630420 1.00000000

0.99079790 0.13198630 0.02998909 0.00000000
-0.11599380 0.94217920 -0.31439470 0.00000000
-0.06975085 0.30802300 0.94881860 0.00000000
-0.07932711 1.56849700 -0.29029220 1.00000000

0.99568690 0.08654501 0.03342736 0.00000000
-0.07087466 0.94205050 -0.32789940 0.00000000
-0.05986825 0.32411600 0.94412110 0.00000000
-0.10469250 1.56882100 -0.28636990 1.00000000

0.99168170 0.12471120 0.03185415 0.00000000
0.10402280 -0.92226510 0.37229870 0.00000000
0.07580763 -0.36588840 -0.92756620 0.00000000
-0.06410751 1.59762300 -0.28445350 1.00000000

0.99168170 0.12471120 0.03185415 0.00000000
-0.10402280 0.92226520 -0.37229870 0.00000000
-0.07580769 0.36588840 0.92756620 0.00000000
-0.08143253 1.58684700 -0.30032780 1.00000000

0.99168170 0.12471120 0.03185415 0.00000000
-0.10402280 0.92226520 -0.37229870 0.00000000
-0.07580769 0.36588840 0.92756620 0.00000000
-0.10188870 1.59275400 -0.28563780 1.00000000

0.99172790 0.12431700 0.03195563 0.00000000
-0.11268220 0.96242270 -0.24707440 0.00000000
-0.06147024 0.24142970 0.96846960 0.00000000
-0.09578589 1.67899000 -0.21335010 1.00000000

0.30808910 -0.80966540 0.49952300 0.00000000
0.71253990 -0.15152530 -0.68507460 0.00000000
0.63037140 0.56699390 0.53023550 0.00000000
-0.06876992 1.46374300 -0.01713085 1.00000000

0.86437850 -0.32424520 0.38433750 0.00000000
0.47491200 0.77760250 -0.41205960 0.00000000
-0.16525360 0.53870170 0.82613060 0.00000000
-0.22830800 1.49767600 0.13625020 1.00000000

0.89349680 -0.26115410 0.36532490 0.00000000
-0.14143680 0.60845920 0.78087970 0.00000000
-0.42621510 -0.74938390 0.50671950 0.00000000
-0.37028970 1.26519700 0.25944340 1.00000000

0.99722530 -0.07413902 -0.00672573 0.00000000
0.04807898 0.57244290 0.81853380 0.00000000
-0.05683503 -0.81658610 0.57441930 0.00000000
