MeshAnim
1
74
79
30
0.70079610 -0.02148285 -0.71303810 0.00000000
-0.12182170 0.98125980 -0.14929420 0.00000000
0.70288290 0.19148830 0.68504600 0.00000000
-0.01430410 0.91134150 0.00746241 1.00000000

0.98706910 0.14370600 -0.07101440 0.00000000
0.12372440 -0.96470150 -0.23247210 0.00000000
-0.10191530 0.22067990 -0.97000710 0.00000000
0.07857296 0.87697100 -0.08607821 1.00000000

0.98706910 0.14370600 -0.07101440 0.00000000
0.14813920 -0.98704160 0.06167520 0.00000000
-0.06123102 -0.07139766 -0.99556680 0.00000000
0.13305550 0.45216070 -0.18844830 1.00000000

0.99557550 0.08724454 -0.03489962 0.00000000
0.08643655 -0.99596760 -0.02403042 0.00000000
-0.03685540 0.02090750 -0.99910200 0.00000000
0.18030620 0.13733210 -0.16877630 1.00000000

0.99557550 0.08724454 -0.03489962 0.00000000
0.08643655 -0.99596760 -0.02403042 0.00000000
-0.03685540 0.02090750 -0.99910200 0.00000000
0.18426220 0.03642678 -0.30817620 1.00000000

0.28214140 -0.12786430 -0.95081390 0.00000000
0.11255940 0.98864550 -0.09955139 0.00000000
0.95274690 -0.07893545 0.29333020 0.00000000
-0.10717190 0.88266460 0.10291130 1.00000000

0.28214120 -0.12786670 -0.95081370 0.00000000
-0.11264270 0.97980790 -0.16519110 0.00000000
0.95273720 0.15370940 0.26204080 0.00000000
-0.15673770 0.44731110 0.14674920 1.00000000

0.51876850 -0.06894720 -0.85213010 0.00000000
0.04491964 0.99756420 -0.05336789 0.00000000
0.85373390 -0.01059176 0.52060190 0.00000000
-0.12080920 0.13478930 0.19943910 1.00000000

0.51876850 -0.06894720 -0.85213010 0.00000000
0.04491964 0.99756420 -0.05336789 0.00000000
0.85373390 -0.01059176 0.52060190 0.00000000
-0.24246710 0.03230441 0.13366670 1.00000000

0.68651800 -0.00709338 -0.72707820 0.00000000
0.00637304 0.99997270 -0.00373825 0.00000000
0.72708490 -0.00206732 0.68654450 0.00000000
-0.03170045 1.04580500 -0.00779498 1.00000000

0.66746760 -0.03790802 -0.74367340 0.00000000
0.14297800 0.98664490 0.07803348 0.00000000
0.73078350 -0.15841380 0.66397350 0.00000000
-0.03060092 1.21832900 -0.00843995 1.00000000

0.64895840 -0.03358524 -0.76008220 0.00000000
0.04848158 0.99882030 -0.00274063 0.00000000
0.75927770 -0.03507144 0.64982110 0.00000000
0.00419392 1.40170800 0.01344186 1.00000000

0.13393290 0.96100540 -0.24193050 0.00000000
0.78921290 -0.25108180 -0.56044730 0.00000000
-0.59933740 -0.11587240 -0.79206610 0.00000000
0.05709004 1.49555700 -0.02881418 1.00000000

0.42233170 0.38425540 -0.82096520 0.00000000
0.40588720 -0.88999470 -0.20776300 0.00000000
-0.81048860 -0.24547440 -0.53183730 0.00000000
0.23379450 1.43934000 -0.15429800 1.00000000

0.42233170 0.38425540 -0.82096520 0.00000000
-0.03495739 -0.89812330 -0.43835280 0.00000000
-0.90576720 0.21382910 -0.36587330 0.00000000
0.35514040 1.17326400 -0.21641210 1.00000000

0.48651560 0.21669970 -0.84637100 0.00000000
-0.22610320 -0.90451870 -0.36155740 0.00000000
-0.84390770 0.36727050 -0.39106590 0.00000000
0.34636010 0.94767770 -0.32651540 1.00000000

-0.43986200 -0.05633954 0.89629660 0.00000000
-0.84390780 0.36727050 -0.39106580 0.00000000
-0.30715080 -0.92840650 -0.20909380 0.00000000
0.25449350 0.84374420 -0.34094980 1.00000000

-0.46002300 -0.86368160 -0.20599400 0.00000000
-0.29763330 -0.06858100 0.95221410 0.00000000
-0.83653680 0.49935100 -0.22551140 0.00000000
0.25522070 0.84908310 -0.39864070 1.00000000

0.03725505 0.46902290 0.88240030 0.00000000
0.54357080 0.73144190 -0.41173340 0.00000000
-0.83853660 0.49498600 -0.22769710 0.00000000
0.23886090 0.84531330 -0.34630130 1.00000000

-0.28025550 -0.88708420 -0.36679570 0.00000000
-0.49558220 -0.19353860 0.84672380 0.00000000
-0.82210420 0.41907630 -0.38538270 0.00000000
0.29340200 0.83142800 -0.38322690 1.00000000

-0.35890020 0.15217890 0.92088680 0.00000000
0.44225700 0.89656200 0.02420326 0.00000000
-0.82194890 0.41595520 -0.38907850 0.00000000
0.26542820 0.82127290 -0.33469190 1.00000000

-0.30262400 -0.93916470 -0.16244700 0.00000000
-0.43447200 -0.01576885 0.90054760 0.00000000
-0.84832380 0.34310600 -0.40326840 0.00000000
0.32734450 0.81527020 -0.36243680 1.00000000

-0.36569840 0.17110660 0.91487040 0.00000000
0.38289940 0.92358080 -0.01968054 0.00000000
-0.84832380 0.34310600 -0.40326830 0.00000000
0.30385480 0.81441740 -0.31374860 1.00000000

-0.21423270 -0.93339450 0.28788770 0.00000000
-0.36330080 0.34972760 0.86354120 0.00000000
-0.90670680 0.08040883 -0.41402600 0.00000000
0.35520940 0.80298980 -0.34388820 1.00000000

-0.23927470 0.72055610 0.65080510 0.00000000
0.34664040 0.68949820 -0.63595080 0.00000000
-0.90696670 0.07342830 -0.41475330 0.00000000
0.33729580 0.82112500 -0.30119870 1.00000000

-0.99024630 0.08830962 -0.10777100 0.00000000
-0.12966750 -0.86713980 0.48088990 0.00000000
-0.05098534 0.49017360 0.87013280 0.00000000
0.24785590 0.91473000 -0.35489990 1.00000000

-0.23784400 -0.85215690 0.46611090 0.00000000
0.96996470 -0.18319100 0.16003240 0.00000000
-0.05098522 0.49017360 0.87013280 0.00000000
0.23841760 0.86325180 -0.32645360 1.00000000

0.47272440 0.37158920 -0.79903270 0.00000000
-0.03495739 -0.89812330 -0.43835280 0.00000000
-0.88051690 0.23515200 -0.41157490 0.00000000
0.35113310 1.07030500 -0.26666410 1.00000000

0.68088680 0.44611530 -0.58083940 0.00000000
0.40588720 -0.88999470 -0.20776300 0.00000000
-0.60963030 -0.09429227 -0.78705810 0.00000000
0.23379450 1.43934000 -0.15429800 1.00000000

0.51630930 0.41087550 -0.75140290 0.00000000
0.40588720 -0.88999470 -0.20776300 0.00000000
-0.75410920 -0.19771490 -0.62628160 0.00000000
0.31091310 1.27024100 -0.19377290 1.00000000

0.50410910 0.51274380 -0.69495890 0.00000000
0.48681990 -0.83336810 -0.26173340 0.00000000
-0.71335880 -0.20637760 -0.66972230 0.00000000
0.28323100 1.48290900 -0.21793000 1.00000000

0.96046530 0.06996481 -0.26946550 0.00000000
-0.11422340 0.98172200 -0.15223330 0.00000000
0.25388910 0.17699400 0.95090140 0.00000000
0.01188849 1.58218600 0.01203682 1.00000000

0.99910570 0.02090862 -0.03675187 0.00000000
-0.02682610 0.98529850 -0.16872270 0.00000000
0.03268370 0.16955770 0.98497810 0.00000000
-0.00195976 1.70120900 -0.00641978 1.00000000

0.99910570 0.02090862 -0.03675187 0.00000000
-0.02682610 0.98529850 -0.16872270 0.00000000
0.03268370 0.16955770 0.98497810 0.00000000
-0.00777203 1.75151800 -0.13580500 1.00000000

0.99910570 0.02090862 -0.03675187 0.00000000
0.02682610 -0.98529850 0.16872270 0.00000000
-0.03268370 -0.16955770 -0.98497810 0.00000000
0.05200316 1.72209500 -0.10542550 1.00000000

0.99910570 0.02090862 -0.03675187 0.00000000
-0.02682610 0.98529850 -0.16872270 0.00000000
0.03268370 0.16955770 0.98497810 0.00000000
-0.06387310 1.71967000 -0.10116300 1.00000000

0.99952030 0.01411779 0.02756646 0.00000000
0.01694270 -0.99431840 -0.10509060 0.00000000
0.02592626 0.10550730 -0.99408060 0.00000000
0.03059818 1.74941500 -0.10474210 1.00000000

0.99981210 0.01569963 0.01138338 0.00000000
-0.01683635 0.99402820 0.10781620 0.00000000
-0.00962275 -0.10798760 0.99410580 0.00000000
-0.04363582 1.74786000 -0.10201130 1.00000000

0.99910570 0.02090862 -0.03675187 0.00000000
0.02682610 -0.98529850 0.16872270 0.00000000
-0.03268370 -0.16955770 -0.98497810 0.00000000
0.01090291 1.76046000 -0.14323980 1.00000000

0.99910570 0.02090862 -0.03675187 0.00000000
-0.02682610 0.98529850 -0.16872270 0.00000000
0.03268370 0.16955770 0.98497810 0.00000000
-0.02730238 1.75975900 -0.14185140 1.00000000

0.99910570 0.02090862 -0.03675187 0.00000000
0.02682610 -0.98529850 0.16872270 0.00000000
-0.03268370 -0.16955770 -0.98497810 0.00000000
0.05984809 1.76643900 -0.12607170 1.00000000

0.99910570 0.02090862 -0.03675187 0.00000000
-0.02682610 0.98529850 -0.16872270 0.00000000
0.03268370 0.16955770 0.98497810 0.00000000
-0.07506017 1.76366100 -0.12111690 1.00000000

0.99910570 0.02090862 -0.03675187 0.00000000
0.02699250 -0.98442070 0.17374600 0.00000000
-0.03254655 -0.17458260 -0.98410460 0.00000000
0.03057487 1.74996100 -0.10506480 1.00000000

0.99910570 0.02090862 -0.03675187 0.00000000
-0.02699251 0.98442050 -0.17374600 0.00000000
0.03254646 0.17458270 0.98410440 0.00000000
-0.04365908 1.74840600 -0.10233390 1.00000000

0.99883680 0.04808913 0.00355667 0.00000000
-0.04684730 0.98522620 -0.16472550 0.00000000
-0.01142564 0.16436730 0.98633310 0.00000000
-0.00330777 1.71281700 -0.03646164 1.00000000

0.99943500 0.03353786 -0.00219443 0.00000000
0.03360435 -0.99600060 0.08278658 0.00000000
0.00059092 -0.08281350 -0.99656490 0.00000000
0.02032954 1.68654100 -0.13611450 1.00000000

0.99862500 0.05234361 0.00284529 0.00000000
-0.05198879 0.99588870 -0.07418272 0.00000000
-0.00671655 0.07393277 0.99724050 0.00000000
-0.00240148 1.68668200 -0.13981350 1.00000000

0.99825040 0.04506584 -0.03827718 0.00000000
-0.04811650 0.99539370 -0.08292377 0.00000000
0.03436369 0.08462045 0.99582040 0.00000000
-0.02922241 1.68498900 -0.13338190 1.00000000

0.99945330 -0.00057884 -0.03305659 0.00000000
0.00590827 -0.98062500 0.19580580 0.00000000
-0.03252944 -0.19589400 -0.98008560 0.00000000
0.04812738 1.67872500 -0.11306460 1.00000000

0.99551420 0.08202963 -0.04714638 0.00000000
-0.08963478 0.97720660 -0.19243910 0.00000000
0.03028592 0.19580180 0.98017570 0.00000000
-0.05712597 1.67486100 -0.10860960 1.00000000

0.99959830 0.02439426 -0.01442653 0.00000000
0.02711130 -0.97137960 0.23598010 0.00000000
-0.00825706 -0.23627640 -0.97165070 0.00000000
0.01920370 1.68882200 -0.13459060 1.00000000

0.99836250 0.04076129 -0.04013678 0.00000000
-0.04903599 0.97112170 -0.23349110 0.00000000
0.02946028 0.23507680 0.97153010 0.00000000
-0.00535930 1.68853700 -0.13835230 1.00000000

0.99743640 0.06240658 -0.03501356 0.00000000
-0.06917072 0.96618820 -0.24838630 0.00000000
0.01832870 0.25017150 0.96802820 0.00000000
-0.02967695 1.68722600 -0.13206080 1.00000000

0.99388370 0.09849716 -0.04993504 0.00000000
0.10548440 -0.98058590 0.16530140 0.00000000
-0.03268370 -0.16955770 -0.98497810 0.00000000
0.01282000 1.71160500 -0.13178550 1.00000000

0.99388370 0.09849716 -0.04993504 0.00000000
-0.10548440 0.98058580 -0.16530140 0.00000000
0.03268370 0.16955770 0.98497810 0.00000000
-0.00720486 1.70566200 -0.14647540 1.00000000

0.99388370 0.09849716 -0.04993504 0.00000000
-0.10548440 0.98058580 -0.16530140 0.00000000
0.03268370 0.16955770 0.98497810 0.00000000
-0.02561205 1.70864900 -0.13000120 1.00000000

0.99910570 0.02090862 -0.03675187 0.00000000
-0.02681256 0.98536870 -0.16831480 0.00000000
0.03269488 0.16914970 0.98504790 0.00000000
-0.00569116 1.79611600 -0.05385944 1.00000000

0.17764360 -0.98102640 -0.07765256 0.00000000
0.65393230 0.17664290 -0.73564250 0.00000000
0.73540150 0.07990257 0.67290440 0.00000000
-0.02505938 1.49980400 0.06740279 1.00000000

0.83547580 -0.33520670 -0.43544990 0.00000000
0.20288480 0.92458080 -0.32247190 0.00000000
0.51070340 0.18107130 0.84047330 0.00000000
-0.17147440 1.46026300 0.23211070 1.00000000

0.83547580 -0.33520670 -0.43544990 0.00000000
0.35744320 0.93336250 -0.03268877 0.00000000
0.41739010 -0.12833790 0.89961930 0.00000000
-0.23212890 1.18384200 0.32851850 1.00000000

0.92830310 -0.16405060 -0.33367770 0.00000000
0.21983600 0.96591050 0.13670750 0.00000000
0.29987590 -0.20026020 0.93272210 0.00000000
-0.32191010 0.94940420 0.33673000 1.00000000

-0.95237420 -0.00617030 0.30486930 0.00000000
0.29987590 -0.20026020 0.93272200 0.00000000
0.05529798 0.97972320 0.19257310 0.00000000
-0.31072810 0.83348390 0.26000030 1.00000000

0.26301570 0.91228690 0.31393530 0.00000000
-0.95611270 0.20291770 0.21136030 0.00000000
0.12911830 -0.35574850 0.92561960 0.00000000
-0.36811450 0.83120580 0.25232830 1.00000000

-0.95880230 -0.28258750 0.02902949 0.00000000
0.25175220 -0.89260090 -0.37401190 0.00000000
0.13160300 -0.35129510 0.92696960 0.00000000
-0.31556050 0.82005240 0.24071070 1.00000000

0.18978550 0.95244040 0.23840860 0.00000000
-0.93975200 0.10589460 0.32504300 0.00000000
0.28433780 -0.28573330 0.91515490 0.00000000
-0.35667020 0.82082390 0.29437990 1.00000000

-0.94810330 -0.21923950 0.23029220 0.00000000
0.13569390 -0.93399300 -0.33052120 0.00000000
0.28755450 -0.28211890 0.91527130 0.00000000
-0.30300410 0.81571520 0.27607050 1.00000000

-0.03500750 0.97279870 0.22899130 0.00000000
-0.92979730 -0.11570930 0.34941170 0.00000000
0.36640400 -0.20068330 0.90855640 0.00000000
-0.33948010 0.81207560 0.33276500 1.00000000

-0.91240700 -0.26888960 0.30856390 0.00000000
0.18237780 -0.94203220 -0.28162710 0.00000000
0.36640390 -0.20068340 0.90855650 0.00000000
-0.28921060 0.81833100 0.31387360 1.00000000

-0.49169780 0.83319090 0.25303480 0.00000000
-0.76624660 -0.55204650 0.32880250 0.00000000
0.41364220 -0.03221560 0.90986930 0.00000000
-0.32402470 0.80605610 0.36432730 1.00000000

-0.71576570 -0.62719290 0.30709760 0.00000000
0.56328500 -0.77845400 -0.27698340 0.00000000
0.41278350 -0.02527164 0.91047870 0.00000000
-0.28633570 0.83416830 0.34815930 1.00000000

0.04232746 0.34394170 0.93803670 0.00000000
-0.43079460 0.85339990 -0.29346980 0.00000000
-0.90145690 -0.39167920 0.18429050 0.00000000
-0.33142750 0.90054790 0.24124780 1.00000000

-0.37549780 0.91937800 0.11724080 0.00000000
-0.21535330 0.03648693 -0.97585440 0.00000000
-0.90145680 -0.39167920 0.18429040 0.00000000
-0.30585060 0.84913780 0.25709490 1.00000000

0.85451470 -0.34097080 -0.39184660 0.00000000
0.35744320 0.93336250 -0.03268877 0.00000000
0.37688100 -0.11212990 0.91944970 0.00000000
-0.27310480 1.07683800 0.33226600 1.00000000

0.65406840 -0.37303910 -0.65805510 0.00000000
0.20288480 0.92458080 -0.32247190 0.00000000
0.72871990 0.07740926 0.68042300 0.00000000
-0.17147440 1.46026300 0.23211070 1.00000000

0.79120560 -0.34881420 -0.50231730 0.00000000
0.20288480 0.92458080 -0.32247190 0.00000000
0.57691570 0.15322900 0.80230270 0.00000000
-0.21002090 1.28459200 0.29337930 1.00000000

0.69899680 -0.58314710 -0.41393580 0.00000000
0.37346240 0.79129870 -0.48412010 0.00000000
0.60986010 0.18380890 0.77089880 0.00000000
-0.23606690 1.51041500 0.27338170 1.00000000

0.99938650 -0.03502165 0.00000000 0.00000000
0.03502167 0.99938650 -0.00000005 0.00000000
0.00000006 0.00000004 1.00000000 0.00000000
-0.17392100 0.94981600 0.08083943 1.00000000

1.00000000 0.00000000 0.00000000 0.00000000
0.00000000 1.00000000 0.00000000 0.00000000
0.00000000 0.00000000 1.00000000 0.00000000
0.00000000 0.00000000 0.00000000 1.00000000

1.00000000 0.00000000 0.00000000 0.00000000
0.00000000 1.00000000 0.00000000 0.00000000
0.00000000 0.00000000 1.00000000 0.00000000
0.00000000 0.00000000 0.00000000 1.00000000

0.70078580 -0.02141609 -0.71305020 0.00000000
-0.12179780 0.98128080 -0.14917520 0.00000000
0.70289730 0.19138780 0.68505920 0.00000000
-0.01430410 0.91122960 0.00664713 1.00000000

0.98717700 0.14356540 -0.06978953 0.00000000
0.12379830 -0.96455010 -0.23306020 0.00000000
-0.10077490 0.22143190 -0.96995480 0.00000000
0.07857078 0.87686780 -0.08689887 1.00000000

0.98717700 0.14356540 -0.06978953 0.00000000
0.14819580 -0.98672440 0.06642891 0.00000000
-0.05932620 -0.07591961 -0.99534750 0.00000000
0.13308590 0.45212400 -0.18952790 1.00000000

0.99556920 0.08731508 -0.03490290 0.00000000
0.08650637 -0.99596090 -0.02404729 0.00000000
-0.03686169 0.02092142 -0.99910140 0.00000000
0.18035470 0.13739670 -0.16833970 1.00000000

0.99556920 0.08731508 -0.03490290 0.00000000
0.08650637 -0.99596090 -0.02404729 0.00000000
-0.03686169 0.02092142 -0.99910140 0.00000000
0.18431710 0.03649390 -0.30774130 1.00000000

0.28986920 -0.12936700 -0.94828270 0.00000000
0.11233950 0.98857210 -0.10052370 0.00000000
0.95045030 -0.07739091 0.30108970 0.00000000
-0.10717130 0.88254360 0.10209390 1.00000000

0.28986900 -0.12936940 -0.94828250 0.00000000
-0.11256040 0.97933730 -0.16801330 0.00000000
0.95042430 0.15544090 0.26931760 0.00000000
-0.15664040 0.44722240 0.14635990 1.00000000

0.51874200 -0.06881550 -0.85215680 0.00000000
0.04474880 0.99757440 -0.05331826 0.00000000
0.85375900 -0.01047455 0.52056320 0.00000000
-0.12073810 0.13485090 0.19995000 1.00000000

0.51874200 -0.06881550 -0.85215680 0.00000000
0.04474880 0.99757440 -0.05331826 0.00000000
0.85375900 -0.01047455 0.52056320 0.00000000
-0.24238160 0.03234863 0.13417770 1.00000000

0.68652930 -0.00696904 -0.72706880 0.00000000
0.00752362 0.99996860 -0.00248072 0.00000000
0.72706320 -0.00376709 0.68656020 0.00000000
-0.03169712 1.04569500 -0.00859394 1.00000000

0.66725250 -0.03750850 -0.74388660 0.00000000
0.15055650 0.98490710 0.08538505 0.00000000
0.72945660 -0.16897040 0.66282890 0.00000000
-0.03039907 1.21821900 -0.00902195 1.00000000

0.64878930 -0.03285179 -0.76025870 0.00000000
0.05791740 0.99830150 0.00628758 0.00000000
0.75876090 -0.04811153 0.64959010 0.00000000
0.00580311 1.40115600 0.01422661 1.00000000

0.13683570 0.96469070 -0.22505110 0.00000000
0.79405890 -0.24264630 -0.55730900 0.00000000
-0.59223860 -0.10244410 -0.79922390 0.00000000
0.05959345 1.49487900 -0.02717224 1.00000000

0.41112250 0.39171650 -0.82312610 0.00000000
0.43134010 -0.87907660 -0.20290370 0.00000000
-0.80307180 -0.27162900 -0.53037120 0.00000000
0.23738290 1.44055100 -0.15195340 1.00000000

0.41112250 0.39171650 -0.82312610 0.00000000
-0.04002963 -0.89433740 -0.44559870 0.00000000
-0.91070090 0.21614500 -0.35200190 0.00000000
0.36633840 1.17773900 -0.21261490 1.00000000

0.47458160 0.23713500 -0.84766710 0.00000000
-0.24081300 -0.89130540 -0.38416640 0.00000000
-0.84662960 0.38644760 -0.36589190 0.00000000
0.35628400 0.95310350 -0.32453810 1.00000000

-0.42555480 -0.07875898 0.90149900 0.00000000
-0.84662960 0.38644750 -0.36589190 0.00000000
-0.31956480 -0.91894260 -0.23113430 0.00000000
0.26318620 0.85049460 -0.34048150 1.00000000

-0.47172900 -0.85292950 -0.22356990 0.00000000
-0.28254950 -0.09396076 0.95463990 0.00000000
-0.83524730 0.51350060 -0.19667060 0.00000000
0.26301410 0.85753020 -0.39799440 1.00000000

0.05635208 0.44235890 0.89506630 0.00000000
0.54379360 0.73825000 -0.39909380 0.00000000
-0.83732520 0.50922080 -0.19895010 0.00000000
0.24748350 0.85236540 -0.34552170 1.00000000

-0.29487230 -0.87322460 -0.38798120 0.00000000
-0.48341540 -0.21391180 0.84885290 0.00000000
-0.82423300 0.43785920 -0.35905360 0.00000000
0.30127100 0.83907540 -0.38374890 1.00000000

-0.34217590 0.12818500 0.93085150 0.00000000
0.45128910 0.89133400 0.04314817 0.00000000
-0.82416860 0.43484740 -0.36284150 0.00000000
0.27400360 0.82774810 -0.33507140 1.00000000

-0.31437460 -0.93111670 -0.18490660 0.00000000
-0.41970120 -0.03838320 0.90685050 0.00000000
-0.85148070 0.36269620 -0.37872420 0.00000000
0.33539290 0.82199730 -0.36401500 1.00000000

-0.34888790 0.14734440 0.92550920 0.00000000
0.39148160 0.92018560 0.00107947 0.00000000
-0.85148080 0.36269630 -0.37872400 0.00000000
0.31270160 0.81992190 -0.31498600 1.00000000

-0.21852020 -0.93948290 0.26385780 0.00000000
-0.34560080 0.32737530 0.87942350 0.00000000
-0.91258380 0.10098220 -0.39622420 0.00000000
0.36343910 0.80891720 -0.34630540 1.00000000

-0.22149980 0.70317260 0.67563810 0.00000000
0.34279580 0.70477470 -0.62111530 0.00000000
-0.91292350 0.09402894 -0.39715180 0.00000000
0.34640870 0.82594650 -0.30280660 1.00000000

-0.99098300 0.10059350 -0.08851203 0.00000000
-0.13014530 -0.87974800 0.45728070 0.00000000
-0.03186879 0.46467660 0.88490700 0.00000000
0.25700980 0.92192010 -0.35222430 1.00000000

-0.23840000 -0.86333670 0.44476430 0.00000000
0.97064450 -0.19678760 0.13829230 0.00000000
-0.03186870 0.46467670 0.88490700 0.00000000
0.24754180 0.86971240 -0.32515030 1.00000000

0.46084810 0.37916620 -0.80240390 0.00000000
-0.04002963 -0.89433740 -0.44559870 0.00000000
-0.88657590 0.23747330 -0.39697580 0.00000000
0.36174950 1.07521400 -0.26369750 1.00000000

0.69808910 0.46767540 -0.54217290 0.00000000
0.43134010 -0.87907660 -0.20290370 0.00000000
-0.57150470 -0.09221610 -0.81540100 0.00000000
0.23738290 1.44055100 -0.15195340 1.00000000

0.53140760 0.42930610 -0.73027550 0.00000000
0.43134010 -0.87907660 -0.20290370 0.00000000
-0.72907600 -0.20717250 -0.65232500 0.00000000
0.31933750 1.27352600 -0.19050510 1.00000000

0.51075600 0.52352030 -0.68194930 0.00000000
0.48854090 -0.82943960 -0.27084620 0.00000000
-0.70742930 -0.19482370 -0.67940240 0.00000000
0.28741610 1.48510300 -0.21440970 1.00000000

0.96112560 0.06326103 -0.26876690 0.00000000
-0.10487170 0.98409310 -0.14339630 0.00000000
0.25542020 0.16600780 0.95247160 0.00000000
0.01520293 1.58155900 0.01445280 1.00000000

0.99919500 0.01640281 -0.03661162 0.00000000
-0.02220055 0.98620160 -0.16405230 0.00000000
0.03341550 0.16473300 0.98577190 0.00000000
0.00248846 1.70086900 -0.00293241 1.00000000

0.99919500 0.01640281 -0.03661162 0.00000000
-0.02220055 0.98620160 -0.16405230 0.00000000
0.03341550 0.16473300 0.98577190 0.00000000
-0.00308000 1.75181800 -0.13207800 1.00000000

0.99919500 0.01640281 -0.03661162 0.00000000
0.02220055 -0.98620160 0.16405230 0.00000000
-0.03341550 -0.16473300 -0.98577190 0.00000000
0.05655405 1.72200600 -0.10184170 1.00000000

0.99919500 0.01640281 -0.03661162 0.00000000
-0.02220055 0.98620160 -0.16405230 0.00000000
0.03341550 0.16473300 0.98577190 0.00000000
-0.05933250 1.72010100 -0.09759489 1.00000000

0.99977740 0.01062459 0.01823372 0.00000000
0.01244494 -0.99462250 -0.10281520 0.00000000
0.01704332 0.10301920 -0.99453350 0.00000000
0.03527797 1.74938800 -0.10102390 1.00000000

0.99991830 0.01198389 0.00444788 0.00000000
-0.01238415 0.99441410 0.10481900 0.00000000
-0.00316694 -0.10486560 0.99448140 0.00000000
-0.03896262 1.74816800 -0.09830346 1.00000000

0.99919500 0.01640281 -0.03661162 0.00000000
0.02220055 -0.98620160 0.16405230 0.00000000
-0.03341550 -0.16473300 -0.98577190 0.00000000
0.01563709 1.76070700 -0.13946950 1.00000000

0.99919500 0.01640281 -0.03661162 0.00000000
-0.02220055 0.98620160 -0.16405230 0.00000000
0.03341550 0.16473300 0.98577190 0.00000000
-0.02257114 1.76017800 -0.13808610 1.00000000

0.99919500 0.01640281 -0.03661162 0.00000000
0.02220055 -0.98620160 0.16405230 0.00000000
-0.03341550 -0.16473300 -0.98577190 0.00000000
0.06460865 1.76637600 -0.12227140 1.00000000

0.99919500 0.01640281 -0.03661162 0.00000000
-0.02220055 0.98620160 -0.16405230 0.00000000
0.03341550 0.16473300 0.98577190 0.00000000
-0.07031141 1.76420600 -0.11733530 1.00000000

0.99919500 0.01640281 -0.03661162 0.00000000
0.02237073 -0.98534860 0.16907970 0.00000000
-0.03330174 -0.16976260 -0.98492230 0.00000000
0.03525726 1.74993500 -0.10134400 1.00000000

0.99919500 0.01640281 -0.03661162 0.00000000
-0.02237074 0.98534840 -0.16907970 0.00000000
0.03330183 0.16976270 0.98492220 0.00000000
-0.03898335 1.74871500 -0.09862352 1.00000000

0.99905050 0.04339534 0.00391009 0.00000000
-0.04221362 0.98624470 -0.15980940 0.00000000
-0.01079145 0.15949260 0.98714020 0.00000000
0.00119808 1.71263300 -0.03287867 1.00000000

0.99924300 0.03885403 -0.00201190 0.00000000
0.03889272 -0.99620890 0.07781516 0.00000000
0.00101921 -0.07783448 -0.99696580 0.00000000
0.02481803 1.68656400 -0.13256610 1.00000000

0.99876300 0.04963801 0.00293592 0.00000000
-0.04930370 0.99624530 -0.07116237 0.00000000
-0.00645721 0.07092956 0.99746050 0.00000000
0.00199975 1.68684900 -0.13633310 1.00000000

0.99883680 0.02988372 -0.03784764 0.00000000
-0.03276232 0.99642460 -0.07787433 0.00000000
0.03538516 0.07902377 0.99624470 0.00000000
-0.02489445 1.68521400 -0.12985900 1.00000000

0.99954550 -0.00463945 -0.02978978 0.00000000
0.00114138 -0.98155750 0.19116390 0.00000000
-0.03012741 -0.19111100 -0.98110620 0.00000000
0.05247536 1.67910300 -0.10945090 1.00000000

0.99576030 0.07742359 -0.04967028 0.00000000
-0.08544801 0.97848340 -0.18779930 0.00000000
0.03406137 0.19124730 0.98095080 0.00000000
-0.05277725 1.67567600 -0.10501660 1.00000000

0.99969730 0.02003488 -0.01428577 0.00000000
0.02279805 -0.97259970 0.23136580 0.00000000
-0.00925890 -0.23162140 -0.97276190 0.00000000
0.02361158 1.68909500 -0.13117710 1.00000000

0.99854510 0.03627453 -0.03990245 0.00000000
-0.04447255 0.97243620 -0.22888810 0.00000000
0.03049973 0.23032960 0.97263470 0.00000000
-0.00096142 1.68893100 -0.13493670 1.00000000

0.99773730 0.05759615 -0.03468519 0.00000000
-0.06433742 0.96768400 -0.24381990 0.00000000
0.01952133 0.24549960 0.96920010 0.00000000
-0.02529939 1.68771600 -0.12865430 1.00000000

0.99433730 0.09407654 -0.04942706 0.00000000
0.10088030 -0.98184140 0.16065660 0.00000000
-0.03341550 -0.16473300 -0.98577190 0.00000000
0.01732449 1.71179600 -0.12824780 1.00000000

0.99433730 0.09407654 -0.04942706 0.00000000
-0.10088030 0.98184130 -0.16065660 0.00000000
0.03341550 0.16473300 0.98577190 0.00000000
-0.00272701 1.70601500 -0.14296630 1.00000000

0.99433730 0.09407654 -0.04942706 0.00000000
-0.10088030 0.98184130 -0.16065660 0.00000000
0.03341550 0.16473300 0.98577190 0.00000000
-0.02112110 1.70901200 -0.12647930 1.00000000

0.99919500 0.01640281 -0.03661162 0.00000000
-0.02218672 0.98626980 -0.16364410 0.00000000
0.03342474 0.16432470 0.98583990 0.00000000
-0.00079541 1.79601700 -0.04992189 1.00000000

0.16274760 -0.98331730 -0.08124134 0.00000000
0.65261190 0.16903560 -0.73859660 0.00000000
0.74000740 0.06718575 0.66923460 0.00000000
-0.02253459 1.49903300 0.06906699 1.00000000

0.84202670 -0.33458730 -0.42313400 0.00000000
0.19271050 0.91921730 -0.34336920 0.00000000
0.50383900 0.20758370 0.83848390 0.00000000
-0.16865380 1.46119600 0.23443640 1.00000000

0.84167940 -0.33243680 -0.42551350 0.00000000
0.35976970 0.93288290 -0.01718846 0.00000000
0.40266820 -0.13861960 0.90478890 0.00000000
-0.22626660 1.18637800 0.33709180 1.00000000

0.92839920 -0.18274650 -0.32354130 0.00000000
0.23934440 0.96012370 0.14448810 0.00000000
0.28423490 -0.21158050 0.93511720 0.00000000
-0.31663220 0.95206060 0.34141010 1.00000000

-0.95585660 0.01324651 0.29353600 0.00000000
0.28423500 -0.21158050 0.93511720 0.00000000
0.07449348 0.97727100 0.19847540 0.00000000
-0.30708200 0.83631580 0.26419640 1.00000000

0.27921460 0.90465720 0.32192420 0.00000000
-0.95388430 0.22284130 0.20111390 0.00000000
0.11020100 -0.36323230 0.92515860 0.00000000
-0.36440880 0.83534140 0.25583340 1.00000000

-0.96505530 -0.26154870 0.01615822 0.00000000
0.23654280 -0.89600510 -0.37579600 0.00000000
0.11276660 -0.35884160 0.92656160 0.00000000
-0.31197730 0.82309300 0.24477910 1.00000000

0.20779190 0.94679910 0.24575270 0.00000000
-0.94101820 0.12490160 0.31445940 0.00000000
0.26703480 -0.29659980 0.91690840 0.00000000
-0.35369870 0.82449510 0.29796120 1.00000000

-0.95537450 -0.19948120 0.21787070 0.00000000
0.11909210 -0.93505330 -0.33390520 0.00000000
0.27032860 -0.29305770 0.91708240 0.00000000
-0.29994280 0.81829940 0.28026120 1.00000000

-0.01637121 0.97215060 0.23378430 0.00000000
-0.93622430 -0.09698950 0.33775340 0.00000000
0.35102160 -0.21334510 0.91173880 0.00000000
-0.33716490 0.81517420 0.33649950 1.00000000

-0.92171510 -0.25030480 0.29629180 0.00000000
0.16500040 -0.94436820 -0.28450580 0.00000000
0.35102160 -0.21334510 0.91173880 0.00000000
-0.28654790 0.82041760 0.31823840 1.00000000

-0.47627190 0.84251300 0.25166930 0.00000000
-0.78206040 -0.53671180 0.31673770 0.00000000
0.40192930 -0.04596740 0.91451630 0.00000000
-0.32222390 0.80865470 0.36820970 1.00000000

-0.73298600 -0.61283960 0.29522840 0.00000000
0.54932520 -0.78924420 -0.27447440 0.00000000
0.40121590 -0.03900933 0.91515270 0.00000000
-0.28373610 0.83601220 0.35264050 1.00000000

0.03865418 0.33812700 0.94030640 0.00000000
-0.40841110 0.86416920 -0.29395950 0.00000000
-0.91197940 -0.37266890 0.17149860 0.00000000
-0.32607810 0.90391440 0.24556080 1.00000000

-0.35659240 0.92681330 0.11772540 0.00000000
-0.20281960 0.04620810 -0.97812520 0.00000000
-0.91197940 -0.37266910 0.17149860 0.00000000
-0.30182760 0.85187330 0.26143310 1.00000000

0.85977010 -0.33861680 -0.38227530 0.00000000
0.35976970 0.93288290 -0.01718846 0.00000000
0.36243830 -0.12275290 0.92388880 0.00000000
-0.26750920 1.07942900 0.33906240 1.00000000

0.61983820 -0.38530990 -0.68362050 0.00000000
0.19271050 0.91921730 -0.34336920 0.00000000
0.76069930 0.08109253 0.64401910 0.00000000
-0.16865380 1.46119600 0.23443640 1.00000000

0.77450220 -0.35734920 -0.52196560 0.00000000
0.19271050 0.91921730 -0.34336920 0.00000000
0.60250250 0.16535190 0.78080060 0.00000000
-0.20526720 1.28654400 0.29967550 1.00000000

0.68814720 -0.59222840 -0.41918860 0.00000000
0.38255620 0.78705470 -0.48393800 0.00000000
0.61652610 0.17265730 0.76816990 0.00000000
-0.23228310 1.51217800 0.27618250 1.00000000

0.99938170 -0.03514948 -0.00098482 0.00000000
0.03514997 0.99938200 0.00044756 0.00000000
0.00096855 -0.00048193 0.99999950 0.00000000
-0.17391900 0.94969950 0.08003094 1.00000000

1.00000000 0.00000000 0.00000000 0.00000000
0.00000000 1.00000000 0.00000000 0.00000000
0.00000000 0.00000000 1.00000000 0.00000000
0.00000000 0.00000000 0.00000000 1.00000000

1.00000000 0.00000000 0.00000000 0.00000000
0.00000000 1.00000000 0.00000000 0.00000000
0.00000000 0.00000000 1.00000000 0.00000000
0.00000000 0.00000000 0.00000000 1.00000000

0.70075910 -0.02122350 -0.71308230 0.00000000
-0.12172550 0.98134230 -0.14882960 0.00000000
0.70293650 0.19109400 0.68510100 0.00000000
-0.01430410 0.91092060 0.00445444 1.00000000

0.98735760 0.14338790 -0.06756362 0.00000000
0.12403450 -0.96431240 -0.23391720 0.00000000
-0.09869349 0.22257970 -0.96990630 0.00000000
0.07856477 0.87658400 -0.08910676 1.00000000

0.98735760 0.14338790 -0.06756362 0.00000000
0.14827830 -0.98617520 0.07397508 0.00000000
-0.05602261 -0.08305809 -0.99496890 0.00000000
0.13318390 0.45194490 -0.19211320 1.00000000

0.99555250 0.08749798 -0.03492233 0.00000000
0.08668734 -0.99594430 -0.02409174 0.00000000
-0.03688878 0.02095725 -0.99909980 0.00000000
0.18047900 0.13739270 -0.16851800 1.00000000

0.99555250 0.08749798 -0.03492233 0.00000000
0.08668734 -0.99594430 -0.02409174 0.00000000
-0.03688878 0.02095725 -0.99909980 0.00000000
0.18445650 0.03649658 -0.30792400 1.00000000

0.30380430 -0.13173880 -0.94358240 0.00000000
0.11191840 0.98847160 -0.10197180 0.00000000
0.94613800 -0.07462478 0.31504590 0.00000000
-0.10717020 0.88220880 0.09989446 1.00000000

0.30380400 -0.13174130 -0.94358220 0.00000000
-0.11250560 0.97850340 -0.17284020 0.00000000
0.94606850 0.15866780 0.28245160 0.00000000
-0.15645380 0.44693180 0.14479810 1.00000000

0.51867250 -0.06844281 -0.85222910 0.00000000
0.04430227 0.99760300 -0.05315516 0.00000000
0.85382440 -0.01018558 0.52046140 0.00000000
-0.12056900 0.13482620 0.19992790 1.00000000

0.51867250 -0.06844281 -0.85222910 0.00000000
0.04430227 0.99760300 -0.05315516 0.00000000
0.85382440 -0.01018558 0.52046140 0.00000000
-0.24217500 0.03228146 0.13415250 1.00000000

0.68654260 -0.00667523 -0.72705890 0.00000000
0.00943148 0.99995550 -0.00027485 0.00000000
0.72702840 -0.00666856 0.68657500 0.00000000
-0.03168701 1.04539300 -0.01073925 1.00000000

0.66693460 -0.03677490 -0.74420820 0.00000000
0.16197610 0.98205210 0.09662973 0.00000000
0.72729770 -0.18498970 0.66092120 0.00000000
-0.03005981 1.21791400 -0.01078667 1.00000000

0.64854870 -0.03160318 -0.76051680 0.00000000
0.07239372 0.99716960 0.02029819 0.00000000
0.75772270 -0.06822097 0.64900090 0.00000000
0.00826129 1.40014100 0.01455072 1.00000000

0.14013240 0.97030450 -0.19716020 0.00000000
0.80296990 -0.22787270 -0.55073890 0.00000000
-0.57931180 -0.08113742 -0.81105760 0.00000000
0.06342244 1.49364500 -0.02551915 1.00000000

0.38702850 0.40271640 -0.82947470 0.00000000
0.47569110 -0.85783230 -0.19452940 0.00000000
-0.78989030 -0.31928540 -0.52357410 0.00000000
0.24320710 1.44262400 -0.14882920 1.00000000

0.38702850 0.40271640 -0.82947470 0.00000000
-0.05221212 -0.88856610 -0.45576760 0.00000000
-0.92058840 0.21970360 -0.32287390 0.00000000
0.38542190 1.18616300 -0.20698710 1.00000000

0.44657230 0.26732670 -0.85387910 0.00000000
-0.27284350 -0.86818520 -0.41450070 0.00000000
-0.85213240 0.41807980 -0.31476910 0.00000000
0.37230750 0.96297790 -0.32146440 1.00000000

-0.39240910 -0.11250680 0.91288420 0.00000000
-0.85213240 0.41807990 -0.31476900 0.00000000
-0.34624490 -0.90141630 -0.25992900 0.00000000
0.27665900 0.86290630 -0.33840590 1.00000000

-0.49667530 -0.83309040 -0.24346340 0.00000000
-0.24781340 -0.13271390 0.95967470 0.00000000
-0.83180660 0.53698000 -0.14053500 0.00000000
0.27443720 0.87258470 -0.39549040 1.00000000

0.09911731 0.39958580 0.91132160 0.00000000
0.54270600 0.74592520 -0.38609060 0.00000000
-0.83405400 0.53284790 -0.14292340 0.00000000
0.26081590 0.86529000 -0.34274100 1.00000000

-0.32664070 -0.84897660 -0.41538490 0.00000000
-0.45489360 -0.24402730 0.85645910 0.00000000
-0.82847910 0.46871030 -0.30648470 0.00000000
0.31283610 0.85280740 -0.38359580 1.00000000

-0.30389620 0.09132988 0.94831720 0.00000000
0.47014690 0.88012430 0.06590009 0.00000000
-0.82861880 0.46587510 -0.31040510 0.00000000
0.28722240 0.83974360 -0.33445740 1.00000000

-0.33954080 -0.91579790 -0.21453780 0.00000000
-0.38555860 -0.07253220 0.91982810 0.00000000
-0.85793740 0.39503600 -0.32846610 0.00000000
0.34733980 0.83422630 -0.36599940 1.00000000

-0.31042650 0.11083280 0.94411430 0.00000000
0.40936390 0.91195530 0.02754202 0.00000000
-0.85793750 0.39503610 -0.32846600 0.00000000
0.32649460 0.83030470 -0.31626890 1.00000000

-0.22685970 -0.94654600 0.22931490 0.00000000
-0.30533540 0.29270640 0.90614200 0.00000000
-0.92482700 0.13554910 -0.35541720 0.00000000
0.37577550 0.81984140 -0.35000600 1.00000000

-0.18167150 0.67519150 0.71492120 0.00000000
0.33278070 0.72633680 -0.60140870 0.00000000
-0.92533910 0.12865310 -0.35664510 0.00000000
0.36075320 0.83515370 -0.30515020 1.00000000

-0.99144980 0.12240380 -0.04522070 0.00000000
-0.13002260 -0.89738370 0.42165940 0.00000000
0.01103243 0.42393370 0.90562610 0.00000000
0.27145420 0.93489650 -0.34665020 1.00000000

-0.23832950 -0.87846520 0.41412300 0.00000000
0.97112200 -0.22040610 0.09134418 0.00000000
0.01103246 0.42393380 0.90562610 0.00000000
0.26199260 0.88167670 -0.32162210 1.00000000

0.43461590 0.39068270 -0.81146540 0.00000000
-0.05221212 -0.88856610 -0.45576760 0.00000000
-0.89910110 0.24045210 -0.36578660 0.00000000
0.37943650 1.08430000 -0.25923550 1.00000000

0.74316530 0.51025760 -0.43283100 0.00000000
0.47569110 -0.85783230 -0.19452940 0.00000000
-0.47055640 -0.06132644 -0.88023610 0.00000000
0.24320710 1.44262400 -0.14882920 1.00000000

0.55352720 0.46380820 -0.69172920 0.00000000
0.47569110 -0.85783230 -0.19452940 0.00000000
-0.68361210 -0.22137220 -0.69546310 0.00000000
0.33358830 1.27963600 -0.18578980 1.00000000

0.52146820 0.54136430 -0.65954210 0.00000000
0.49307620 -0.82202190 -0.28487910 0.00000000
-0.69638130 -0.17664920 -0.69559200 0.00000000
0.29417630 1.48880600 -0.20922410 1.00000000

0.96199160 0.05294448 -0.26789780 0.00000000
-0.09044556 0.98742810 -0.12963520 0.00000000
0.25766640 0.14893810 0.95468620 0.00000000
0.02027758 1.58036800 0.01730861 1.00000000

0.99929010 0.00920740 -0.03653273 0.00000000
-0.01481150 0.98760870 -0.15623580 0.00000000
0.03464139 0.15666600 0.98704400 0.00000000
0.00931212 1.70008200 0.00159178 1.00000000

0.99929010 0.00920740 -0.03653273 0.00000000
-0.01481150 0.98760870 -0.15623580 0.00000000
0.03464139 0.15666600 0.98704400 0.00000000
0.00412637 1.75209200 -0.12714600 1.00000000

0.99929010 0.00920740 -0.03653273 0.00000000
0.01481150 -0.98760870 0.15623580 0.00000000
-0.03464139 -0.15666600 -0.98704400 0.00000000
0.06353432 1.72165800 -0.09715939 1.00000000

0.99929010 0.00920740 -0.03653273 0.00000000
-0.01481150 0.98760870 -0.15623580 0.00000000
0.03464139 0.15666600 0.98704400 0.00000000
-0.05236319 1.72058000 -0.09292085 1.00000000

0.99998120 0.00484621 0.00377923 0.00000000
0.00519617 -0.99508600 -0.09887677 0.00000000
0.00328144 0.09889455 -0.99509260 0.00000000
0.04246486 1.74912900 -0.09611408 1.00000000

0.99996280 0.00587653 -0.00632069 0.00000000
-0.00521757 0.99500910 0.09964699 0.00000000
0.00687468 -0.09961025 0.99500300 0.00000000
-0.03178283 1.74844400 -0.09339954 1.00000000

0.99929010 0.00920740 -0.03653273 0.00000000
0.01481150 -0.98760870 0.15623580 0.00000000
-0.03464139 -0.15666600 -0.98704400 0.00000000
0.02290957 1.76089900 -0.13446790 1.00000000

0.99929010 0.00920740 -0.03653273 0.00000000
-0.01481150 0.98760870 -0.15623580 0.00000000
0.03464139 0.15666600 0.98704400 0.00000000
-0.01530154 1.76064600 -0.13308660 1.00000000

0.99929010 0.00920740 -0.03653273 0.00000000
0.01481150 -0.98760870 0.15623580 0.00000000
-0.03464139 -0.15666600 -0.98704400 0.00000000
0.07192213 1.76606500 -0.11722790 1.00000000

0.99929010 0.00920740 -0.03653273 0.00000000
-0.01481150 0.98760870 -0.15623580 0.00000000
0.03464139 0.15666600 0.98704400 0.00000000
-0.06301048 1.76486700 -0.11230210 1.00000000

0.99929010 0.00920740 -0.03653273 0.00000000
0.01498811 -0.98679660 0.16126980 0.00000000
-0.03456539 -0.16170280 -0.98623420 0.00000000
0.04244826 1.74967900 -0.09642980 1.00000000

0.99929010 0.00920740 -0.03653273 0.00000000
-0.01498811 0.98679660 -0.16126990 0.00000000
0.03456539 0.16170300 0.98623410 0.00000000
-0.03179946 1.74899400 -0.09371526 1.00000000

0.99934690 0.03588039 0.00430706 0.00000000
-0.03481264 0.98781570 -0.15168450 0.00000000
-0.00969693 0.15143550 0.98841960 0.00000000
0.00811262 1.71210300 -0.02818880 1.00000000

0.99877560 0.04944126 -0.00168186 0.00000000
0.04943845 -0.99635320 0.06954230 0.00000000
0.00176245 -0.06954030 -0.99757770 0.00000000
0.03172939 1.68631500 -0.12790320 1.00000000

0.99895310 0.04565493 0.00293979 0.00000000
-0.04535930 0.99676110 -0.06640789 0.00000000
-0.00596204 0.06620501 0.99778830 0.00000000
0.00873644 1.68684300 -0.13180120 1.00000000

0.99928840 0.00343714 -0.03755921 0.00000000
-0.00604128 0.99756770 -0.06944238 0.00000000
0.03722924 0.06961993 0.99687860 0.00000000
-0.01834778 1.68513700 -0.12517460 1.00000000

0.99964640 -0.01111510 -0.02415389 0.00000000
-0.00649882 -0.98301720 0.18339890 0.00000000
-0.02578229 -0.18317700 -0.98274200 0.00000000
0.05914164 1.68002700 -0.10444770 1.00000000

0.99605860 0.07010298 -0.05433917 0.00000000
-0.07882909 0.98049750 -0.18002900 0.00000000
0.04065889 0.18360300 0.98215930 0.00000000
-0.04608446 1.67725700 -0.10003080 1.00000000

0.99981510 0.01297127 -0.01419583 0.00000000
0.01581880 -0.97454290 0.22364360 0.00000000
-0.01093343 -0.22382680 -0.97456780 0.00000000
0.03036602 1.68934900 -0.12677230 1.00000000

0.99878900 0.02910890 -0.03966603 0.00000000
-0.03718559 0.97452440 -0.22117750 0.00000000
0.03221735 0.22238460 0.97442660 0.00000000
0.00577625 1.68937800 -0.13052430 1.00000000

0.99816020 0.05000056 -0.03429431 0.00000000
-0.05670676 0.97005780 -0.23616130 0.00000000
0.02145928 0.23767160 0.97110850 0.00000000
-0.01859494 1.68831900 -0.12425370 1.00000000

0.99501440 0.08701438 -0.04873228 0.00000000
0.09352173 -0.98381120 0.15287070 0.00000000
-0.03464139 -0.15666600 -0.98704400 0.00000000
0.02423037 1.71189700 -0.12363510 1.00000000

0.99501440 0.08701438 -0.04873228 0.00000000
-0.09352177 0.98381110 -0.15287070 0.00000000
0.03464139 0.15666600 0.98704400 0.00000000
0.00413628 1.70638000 -0.13839740 1.00000000

0.99501440 0.08701438 -0.04873228 0.00000000
-0.09352177 0.98381110 -0.15287070 0.00000000
0.03464139 0.15666600 0.98704400 0.00000000
-0.01423505 1.70939000 -0.12188710 1.00000000

0.99929010 0.00920740 -0.03653273 0.00000000
-0.01479721 0.98767350 -0.15582710 0.00000000
0.03464761 0.15625710 0.98710860 0.00000000
0.00674138 1.79562100 -0.04464255 1.00000000

0.13821240 -0.98669250 -0.08564603 0.00000000
0.64932030 0.15557210 -0.74443310 0.00000000
0.74785070 0.04727818 0.66218140 0.00000000
-0.01867525 1.49764100 0.07075269 1.00000000

0.85590240 -0.33228210 -0.39625720 0.00000000
0.17417130 0.90670780 -0.38411670 0.00000000
0.48692430 0.25974980 0.83392720 0.00000000
-0.16405730 1.46281800 0.23742890 1.00000000

0.85477200 -0.32670310 -0.40327430 0.00000000
0.36132840 0.93237940 0.01051946 0.00000000
0.37256770 -0.15470620 0.91501870 0.00000000
-0.21612740 1.19174000 0.35226650 1.00000000

0.92948250 -0.21247020 -0.30152780 0.00000000
0.26943440 0.94936590 0.16158560 0.00000000
0.25192810 -0.23143290 0.93966540 0.00000000
-0.30688450 0.95754910 0.34962530 1.00000000

-0.96214830 0.04438668 0.26888780 0.00000000
