MeshAnim
1
39
79
30
0.77101240 -0.00988551 -0.63674350 0.00000000
-0.01891703 0.99908270 -0.03841689 0.00000000
0.63653920 0.04166519 0.77011810 0.00000000
0.01237277 0.88258880 0.05137447 1.00000000

0.94507770 0.16080310 0.28455330 0.00000000
0.24530430 -0.92430140 -0.29239210 0.00000000
0.21599530 0.34613540 -0.91298230 0.00000000
0.11171420 0.85000730 -0.03595850 1.00000000

0.94507770 0.16080310 0.28455330 0.00000000
0.13748850 -0.98541920 0.10023140 0.00000000
0.29652160 -0.05560366 -0.95340630 0.00000000
0.21973500 0.44298730 -0.16471460 1.00000000

0.99132810 0.06231824 -0.11569340 0.00000000
0.06203510 -0.99805600 -0.00605070 0.00000000
-0.11584550 -0.00117882 -0.99326680 0.00000000
0.26358860 0.12867630 -0.13274460 1.00000000

0.99116870 0.06228920 -0.11706720 0.00000000
0.06660186 -0.99722440 0.03329109 0.00000000
-0.11466850 -0.04079395 -0.99256620 0.00000000
0.25417890 0.02452701 -0.26947170 1.00000000

0.56900570 -0.23259220 -0.78875430 0.00000000
0.23881670 0.96456620 -0.11215460 0.00000000
0.78689210 -0.12455110 0.60439060 0.00000000
-0.09264131 0.85262700 0.13280920 1.00000000

0.56900460 -0.23259690 -0.78875380 0.00000000
-0.09397140 0.93448950 -0.34336390 0.00000000
0.81694750 0.26949590 0.50987140 0.00000000
-0.19780510 0.42787690 0.18219690 1.00000000

0.44429870 -0.10249550 -0.88999630 0.00000000
0.05992611 0.99460910 -0.08462718 0.00000000
0.89387230 -0.01573429 0.44804560 0.00000000
-0.16783270 0.12981680 0.29171470 1.00000000

0.43528000 -0.10270190 -0.89441810 0.00000000
-0.03788706 0.99050250 -0.13217300 0.00000000
0.89949760 0.09141918 0.42725480 0.00000000
-0.29655390 0.02834433 0.23914070 1.00000000

0.78026320 -0.01236937 -0.62532900 0.00000000
-0.00303019 0.99971800 -0.02355596 0.00000000
0.62544400 0.02027470 0.78000560 0.00000000
0.01174564 1.01899700 0.04849735 1.00000000

0.80547560 -0.03618800 -0.59152310 0.00000000
-0.04353745 0.99182340 -0.11996230 0.00000000
0.59102760 0.12238010 0.79731400 0.00000000
0.01122285 1.19147800 0.04443326 1.00000000

0.83185740 -0.04862347 -0.55285540 0.00000000
-0.19325780 0.90843050 -0.37068270 0.00000000
0.52025450 0.41519880 0.74628760 0.00000000
0.00950092 1.37889000 0.03062306 1.00000000

-0.08991030 0.91199020 -0.40023760 0.00000000
0.88731410 -0.10915900 -0.44806030 0.00000000
-0.45231600 -0.39542160 -0.79940710 0.00000000
0.04841525 1.46731100 -0.03308556 1.00000000

0.53799550 0.20023130 -0.81882130 0.00000000
0.52544060 -0.83923130 0.14001150 0.00000000
-0.65914570 -0.50556750 -0.55671220 0.00000000
0.24708430 1.44287000 -0.13340600 1.00000000

0.54890950 0.17581960 -0.81718170 0.00000000
0.08600245 -0.98431940 -0.15401090 0.00000000
-0.83144560 0.01425850 -0.55542300 0.00000000
0.40417260 1.19197000 -0.09154806 1.00000000

0.56744330 0.23295030 -0.78977360 0.00000000
-0.22988480 -0.87618980 -0.42360900 0.00000000
-0.79067130 0.42193120 -0.44363610 0.00000000
0.42577420 0.94473450 -0.13023160 1.00000000

-0.51890340 -0.07726268 0.85133420 0.00000000
-0.79067130 0.42193120 -0.44363610 0.00000000
-0.32492790 -0.90332980 -0.28003090 0.00000000
0.37452200 0.92241050 -0.16155410 1.00000000

-0.40082460 -0.87179370 -0.28163000 0.00000000
-0.50364040 -0.04711047 0.86262810 0.00000000
-0.76530120 0.48760290 -0.42018740 0.00000000
0.33741220 0.85367960 -0.21467390 1.00000000

-0.43417940 0.09462868 0.89584240 0.00000000
0.47284000 0.87039740 0.13722610 0.00000000
-0.76675330 0.48317090 -0.42265290 0.00000000
0.30972910 0.85109010 -0.16725870 1.00000000

-0.31749390 -0.90209960 -0.29225680 0.00000000
-0.52512340 -0.08936886 0.84632060 0.00000000
-0.78958390 0.42217250 -0.44533940 0.00000000
0.37334340 0.83365690 -0.19692140 1.00000000

-0.45588360 0.08942501 0.88553580 0.00000000
0.41091820 0.90370260 0.12028540 0.00000000
-0.78950390 0.41871880 -0.44872930 0.00000000
0.34372460 0.82944600 -0.14848270 1.00000000

-0.33736240 -0.91701970 -0.21274850 0.00000000
-0.50418800 -0.01483849 0.86346630 0.00000000
-0.79497230 0.39856620 -0.45734440 0.00000000
0.40464340 0.81507370 -0.17410990 1.00000000

-0.45967080 0.09621129 0.88286240 0.00000000
0.39588100 0.91207930 0.10672390 0.00000000
-0.79497230 0.39856620 -0.45734440 0.00000000
0.37738450 0.81427130 -0.12742660 1.00000000

-0.33910580 -0.91508910 -0.21821830 0.00000000
-0.50496300 -0.01865758 0.86293950 0.00000000
-0.79373780 0.40282010 -0.45575900 0.00000000
0.43024860 0.80073330 -0.15386070 1.00000000

-0.41589740 0.19607250 0.88802300 0.00000000
0.44271900 0.89661150 0.00937475 0.00000000
-0.79437330 0.39704380 -0.45970340 0.00000000
0.40539510 0.80054800 -0.11079730 1.00000000

-0.59323420 0.59144650 -0.54613570 0.00000000
-0.72213300 -0.69080130 0.03629503 0.00000000
-0.35580470 0.41591410 0.83691010 0.00000000
0.32889450 0.91753740 -0.16855850 1.00000000

-0.98064490 -0.09836458 -0.16929190 0.00000000
0.01837869 -0.90706990 0.42057890 0.00000000
-0.19492960 0.40932720 0.89132130 0.00000000
0.28486810 0.87743160 -0.16734470 1.00000000

0.55012150 0.17579860 -0.81637050 0.00000000
0.08600245 -0.98431940 -0.15401090 0.00000000
-0.83064410 0.01451490 -0.55661430 0.00000000
0.41403170 1.07913000 -0.10920360 1.00000000

0.74316050 0.37256610 -0.55579420 0.00000000
0.52544060 -0.83923130 0.14001150 0.00000000
-0.41427620 -0.39608780 -0.81944450 0.00000000
0.24708430 1.44287000 -0.13340600 1.00000000

0.61874010 0.26394730 -0.73992740 0.00000000
0.52544060 -0.83923130 0.14001150 0.00000000
-0.58401440 -0.47541860 -0.65795450 0.00000000
0.34691810 1.28341600 -0.10680380 1.00000000

0.43344490 0.51770160 -0.73763870 0.00000000
0.71170850 -0.69875450 -0.07220316 0.00000000
-0.55280790 -0.49368750 -0.67132400 0.00000000
0.29078530 1.48795800 -0.20010350 1.00000000

0.95786750 0.25383230 -0.13438400 0.00000000
-0.28117250 0.73331650 -0.61902270 0.00000000
-0.05858189 0.63072690 0.77379060 0.00000000
-0.02613816 1.54241000 -0.03738299 1.00000000

0.99522640 0.08942598 0.03908297 0.00000000
-0.07682738 0.96485160 -0.25131530 0.00000000
-0.06018355 0.24711300 0.96711590 0.00000000
-0.06022705 1.63131500 -0.11243230 1.00000000

0.99522640 0.08942598 0.03908297 0.00000000
-0.07682738 0.96485160 -0.25131530 0.00000000
-0.06018355 0.24711300 0.96711590 0.00000000
-0.05727337 1.65480900 -0.24140240 1.00000000

0.96735120 -0.22452110 0.11756670 0.00000000
-0.25213180 -0.89961500 0.35654280 0.00000000
0.02571338 -0.37454450 -0.92685280 0.00000000
-0.00602680 1.65565400 -0.21495300 1.00000000

0.94370380 0.32980390 -0.02554345 0.00000000
-0.31689710 0.87922050 -0.35573530 0.00000000
-0.09486467 0.34380350 0.93423780 0.00000000
-0.11093810 1.64457900 -0.21770540 1.00000000

0.99522640 0.08942596 0.03908294 0.00000000
0.07682738 -0.96485160 0.25131530 0.00000000
0.06018344 -0.24711300 -0.96711600 0.00000000
-0.02283810 1.67398000 -0.21159340 1.00000000

0.99522640 0.08942598 0.03908297 0.00000000
-0.07682738 0.96485160 -0.25131530 0.00000000
-0.06018355 0.24711300 0.96711590 0.00000000
-0.09678379 1.66733500 -0.21449710 1.00000000

0.97178180 0.22492010 -0.07107270 0.00000000
0.23569250 -0.93795820 0.25432990 0.00000000
-0.00945938 -0.26390440 -0.96450250 0.00000000
-0.04042626 1.66952600 -0.25087810 1.00000000

0.97929120 0.20224430 0.00926459 0.00000000
-0.19330430 0.94764580 -0.25416740 0.00000000
-0.06018355 0.24711300 0.96711590 0.00000000
-0.07220445 1.66816600 -0.25359900 1.00000000

0.97525530 0.10475110 0.19469070 0.00000000
0.09779416 -0.99418740 0.04503559 0.00000000
0.19827660 -0.02488152 -0.97983040 0.00000000
0.00674989 1.69418000 -0.23405420 1.00000000

0.99516560 0.07879769 -0.05862063 0.00000000
-0.08549990 0.98879920 -0.12233650 0.00000000
0.04832423 0.12675710 0.99075590 0.00000000
-0.12771960 1.68305900 -0.24067070 1.00000000

0.98019180 0.19777410 0.01046294 0.00000000
0.18855560 -0.94805770 0.25619080 0.00000000
0.06058726 -0.24914330 -0.96656980 0.00000000
-0.02285153 1.67419700 -0.21174770 1.00000000

0.99753740 -0.02006534 0.06720352 0.00000000
0.03840423 0.95805410 -0.28400270 0.00000000
-0.05868608 0.28588440 0.95646550 0.00000000
-0.09678192 1.66732700 -0.21452760 1.00000000

0.99374070 0.10756290 0.03016159 0.00000000
-0.09758978 0.96727600 -0.23420870 0.00000000
-0.05436689 0.22979930 0.97171840 0.00000000
-0.05925000 1.63804700 -0.15271410 1.00000000

0.95935610 0.28219500 0.00127080 0.00000000
0.27689040 -0.94217250 0.18879390 0.00000000
0.05447409 -0.18076870 -0.98201600 0.00000000
-0.02993484 1.59963800 -0.24897130 1.00000000

0.99292800 0.11529890 0.02828670 0.00000000
-0.10621400 0.96920120 -0.22218950 0.00000000
-0.05303377 0.21761370 0.97459320 0.00000000
-0.05184156 1.59853100 -0.25263890 1.00000000

0.99608660 -0.06661863 0.05808240 0.00000000
0.07600619 0.98104700 -0.17824210 0.00000000
-0.04510742 0.18195910 0.98227100 0.00000000
-0.07607774 1.59542900 -0.24831320 1.00000000

0.99380420 0.09981118 0.04889953 0.00000000
0.08230831 -0.95655610 0.27968960 0.00000000
0.07469133 -0.27393180 -0.95884460 0.00000000
-0.00599132 1.60859400 -0.21647030 1.00000000

0.99285260 0.11853200 0.01393166 0.00000000
-0.10989680 0.95350530 -0.28062470 0.00000000
-0.04654694 0.27708800 0.95971660 0.00000000
-0.10450200 1.59966000 -0.21730570 1.00000000

0.98772290 0.15407820 0.02575701 0.00000000
0.13774830 -0.93680140 0.32160350 0.00000000
0.07368129 -0.31410710 -0.94652430 0.00000000
-0.03032239 1.61532200 -0.24004480 1.00000000

0.99458190 0.09711669 0.03708574 0.00000000
-0.08037259 0.94461230 -0.31819500 0.00000000
-0.06593379 0.31349040 0.94729970 0.00000000
-0.05305417 1.61049800 -0.24418630 1.00000000

0.99783920 0.05147598 0.04082969 0.00000000
-0.03508121 0.94285510 -0.33135190 0.00000000
-0.05555335 0.32920350 0.94262350 0.00000000
-0.07841879 1.61173000 -0.24045940 1.00000000

0.99519490 0.08982126 0.03898013 0.00000000
0.06867889 -0.92409380 0.37594450 0.00000000
0.06978908 -0.37146090 -0.92582190 0.00000000
-0.03688357 1.63922500 -0.23835890 1.00000000

0.99519490 0.08982126 0.03898013 0.00000000
-0.06867890 0.92409380 -0.37594450 0.00000000
-0.06978902 0.37146090 0.92582200 0.00000000
-0.05443526 1.62885800 -0.25428980 1.00000000

0.99519490 0.08982126 0.03898013 0.00000000
-0.06867890 0.92409380 -0.37594450 0.00000000
-0.06978902 0.37146090 0.92582200 0.00000000
-0.07477960 1.63553100 -0.23977380 1.00000000

0.99522640 0.08942598 0.03908297 0.00000000
-0.07685228 0.96495380 -0.25091480 0.00000000
-0.06015167 0.24671350 0.96721990 0.00000000
-0.06618313 1.72176000 -0.16771530 1.00000000

0.24889120 -0.92550870 0.28545930 0.00000000
0.78590760 0.02073754 -0.61799620 0.00000000
0.56604110 0.37815830 0.73252560 0.00000000
-0.05688582 1.47346200 0.03690102 1.00000000

0.05636373 -0.29249890 -0.95460330 0.00000000
0.51431600 0.82800820 -0.22334170 0.00000000
0.85574660 -0.47837940 0.19710640 0.00000000
-0.23285010 1.46882700 0.17526530 1.00000000

0.11392200 -0.22895050 -0.96674900 0.00000000
0.72709790 -0.64389650 0.23817240 0.00000000
-0.67701580 -0.73005430 0.09311548 0.00000000
-0.38661460 1.22127800 0.24203530 1.00000000

0.38455320 -0.09888540 -0.91779120 0.00000000
0.43991860 -0.85444860 0.27638600 0.00000000
-0.81153570 -0.51003850 -0.28507940 0.00000000
-0.56924300 1.38300700 0.18221330 1.00000000

-0.42259420 0.17540330 0.88918390 0.00000000
-0.81153570 -0.51003850 -0.28507940 0.00000000
0.40351410 -0.84207770 0.35788540 0.00000000
-0.57167220 1.48312000 0.11643290 1.00000000

0.46379270 -0.27566710 -0.84196440 0.00000000
0.19782240 -0.89414090 0.40171990 0.00000000
-0.86357550 -0.35287420 -0.36016290 0.00000000
-0.57129810 1.53378200 0.16002830 1.00000000

0.27522100 -0.94305990 0.18679330 0.00000000
-0.45487950 0.04343212 0.88949340 0.00000000
-0.84695820 -0.32977560 -0.41702530 0.00000000
-0.58217140 1.58292900 0.13794690 1.00000000

0.55641480 -0.81813840 0.14509310 0.00000000
-0.36247550 -0.08187337 0.92839030 0.00000000
-0.74767240 -0.56916270 -0.34211060 0.00000000
-0.60903220 1.51264100 0.14835270 1.00000000

-0.31854880 -0.14827810 0.93623730 0.00000000
-0.58678890 0.80654050 -0.07191414 0.00000000
-0.74444970 -0.57228180 -0.34393030 0.00000000
-0.58783970 1.51654200 0.09565520 1.00000000

0.45240530 -0.84762960 0.27722540 0.00000000
-0.48595410 0.02634683 0.87358740 0.00000000
-0.74778220 -0.52993420 -0.39998950 0.00000000
-0.64167580 1.48991200 0.13212870 1.00000000

-0.33036460 -0.21198320 0.91974060 0.00000000
-0.66459080 0.74417990 -0.06719697 0.00000000
-0.67020770 -0.63345070 -0.38673270 0.00000000
-0.61540240 1.48848800 0.08489811 1.00000000

0.47088110 -0.84872450 0.24070280 0.00000000
-0.56391610 -0.07975091 0.82197230 0.00000000
-0.67843170 -0.52278740 -0.51616260 0.00000000
-0.66762390 1.46982200 0.11818790 1.00000000

-0.42837270 -0.23370560 0.87285670 0.00000000
-0.74124250 0.64333220 -0.19152950 0.00000000
-0.51677510 -0.72904450 -0.44881840 0.00000000
-0.63919430 1.47312100 0.07753044 1.00000000

-0.76009790 0.28612220 -0.58342560 0.00000000
-0.63881080 -0.16453400 0.75156470 0.00000000
0.11904590 0.94396110 0.30783990 0.00000000
-0.52198290 1.47058500 0.16583010 1.00000000

-0.62786640 0.26946960 0.73018480 0.00000000
0.42994590 -0.66194370 0.61398490 0.00000000
0.64879130 0.69944020 0.29975480 0.00000000
-0.48661840 1.48159800 0.12673240 1.00000000

0.22084520 -0.10911260 -0.96918610 0.00000000
0.72709790 -0.64389650 0.23817240 0.00000000
-0.65004310 -0.75729250 -0.06286585 0.00000000
-0.46997100 1.29509400 0.21472890 1.00000000

0.85496350 -0.51544950 0.05787182 0.00000000
0.51431600 0.82800820 -0.22334170 0.00000000
0.06720299 0.22071340 0.97302080 0.00000000
-0.23285010 1.46882700 0.17526530 1.00000000

0.69176990 -0.55447460 -0.46261500 0.00000000
0.51431600 0.82800820 -0.22334170 0.00000000
0.50688620 -0.08342925 0.85796620 0.00000000
-0.33057030 1.31150400 0.21769830 1.00000000

0.80581820 -0.58904370 -0.06070143 0.00000000
0.42118850 0.64219080 -0.64046180 0.00000000
0.41624180 0.49052900 0.76558740 0.00000000
-0.30774330 1.52068000 0.18490450 1.00000000

0.99607160 -0.08855277 0.00000003 0.00000000
0.08855277 0.99607150 0.00000000 0.00000000
-0.00000003 0.00000000 1.00000000 0.00000000
-0.15045200 0.92814790 0.11264840 1.00000000

1.00000000 0.00000000 0.00000000 0.00000000
0.00000000 1.00000000 0.00000000 0.00000000
0.00000000 0.00000000 1.00000000 0.00000000
0.00000000 0.00000000 0.00000000 1.00000000

1.00000000 0.00000000 0.00000000 0.00000000
0.00000000 1.00000000 0.00000000 0.00000000
0.00000000 0.00000000 1.00000000 0.00000000
0.00000000 0.00000000 0.00000000 1.00000000

0.78719860 -0.00576421 -0.61667260 0.00000000
-0.01498397 0.99948230 -0.02846987 0.00000000
0.61651750 0.03165164 0.78670470 0.00000000
0.01468196 0.88241910 0.03913125 1.00000000

0.94321680 0.16061940 0.29076360 0.00000000
0.24498990 -0.92749260 -0.28237800 0.00000000
0.22432570 0.33757780 -0.91417670 0.00000000
0.11615400 0.85042520 -0.04594019 1.00000000

0.94321680 0.16061940 0.29076360 0.00000000
0.12473320 -0.98252840 0.13812820 0.00000000
0.30786960 -0.09401699 -0.94677190 0.00000000
0.22403630 0.44200000 -0.17028650 1.00000000

0.99041830 0.06393100 -0.12241030 0.00000000
0.06452298 -0.99791580 0.00087402 0.00000000
-0.12209930 -0.00876393 -0.99247910 0.00000000
0.26382150 0.12861100 -0.12622890 1.00000000

0.99025020 0.06389148 -0.12378280 0.00000000
0.06933548 -0.99678390 0.04017897 0.00000000
-0.12081760 -0.04836981 -0.99149560 0.00000000
0.25381420 0.02343702 -0.26212660 1.00000000

0.55751130 -0.24919650 -0.79188530 0.00000000
0.22709150 0.96327980 -0.14325290 0.00000000
0.79850530 -0.09996528 0.59362980 0.00000000
-0.09249171 0.85195260 0.11750780 1.00000000

0.55751030 -0.24920060 -0.79188470 0.00000000
-0.07731476 0.93415090 -0.34840270 0.00000000
0.82656200 0.25546250 0.50153180 0.00000000
-0.19249220 0.42776890 0.18058970 1.00000000

0.44429870 -0.10249550 -0.88999630 0.00000000
0.05992606 0.99460910 -0.08462718 0.00000000
0.89387230 -0.01573421 0.44804570 0.00000000
-0.16783260 0.12981690 0.29171470 1.00000000

0.43528000 -0.10270190 -0.89441800 0.00000000
-0.03788717 0.99050240 -0.13217300 0.00000000
0.89949760 0.09141920 0.42725480 0.00000000
-0.29655370 0.02834439 0.23914070 1.00000000

0.79392950 0.00016945 -0.60800980 0.00000000
-0.00366255 0.99998320 -0.00450381 0.00000000
0.60799880 0.00580257 0.79391670 0.00000000
0.01452988 1.01885100 0.03766185 1.00000000

0.82171820 -0.01895275 -0.56957870 0.00000000
-0.04205695 0.99470490 -0.09377342 0.00000000
0.56834000 0.10101010 0.81657000 0.00000000
0.01389799 1.19137700 0.03688481 1.00000000

0.84997190 -0.03950318 -0.52534500 0.00000000
-0.16812360 0.92470610 -0.34154540 0.00000000
0.49928180 0.37862690 0.77933260 0.00000000
0.01220637 1.37909700 0.02819796 1.00000000

-0.06665821 0.92867120 -0.36486500 0.00000000
0.89669450 -0.10462210 -0.43010820 0.00000000
-0.43760220 -0.35584280 -0.82576060 0.00000000
0.05449324 1.46932000 -0.03064898 1.00000000

0.55415250 0.23265460 -0.79924150 0.00000000
0.54515590 -0.82702500 0.13724030 0.00000000
-0.62906300 -0.51176320 -0.58513090 0.00000000
0.25526260 1.44589600 -0.12694990 1.00000000

0.57064320 0.19676800 -0.79727570 0.00000000
-0.10303080 -0.94604240 -0.30722720 0.00000000
-0.81470920 0.25746120 -0.51957960 0.00000000
0.41824500 1.19864500 -0.08592043 1.00000000

0.66489550 0.18308160 -0.72415130 0.00000000
-0.34710910 -0.78271690 -0.51659430 0.00000000
-0.66138450 0.59484080 -0.45687550 0.00000000
0.39236640 0.96102340 -0.16308800 1.00000000

-0.59451950 -0.04438292 0.80285560 0.00000000
-0.66138450 0.59484080 -0.45687550 0.00000000
-0.45729370 -0.80261760 -0.38299860 0.00000000
0.34077240 0.95112630 -0.19978080 1.00000000

-0.27382950 -0.71662690 -0.64145440 0.00000000
-0.72395200 -0.28549660 0.62800120 0.00000000
-0.63317560 0.63634740 -0.44062580 0.00000000
0.29653240 0.89481540 -0.26138190 1.00000000

-0.75155810 -0.43179400 0.49871300 0.00000000
0.14937280 0.62497710 0.76621940 0.00000000
-0.64253290 0.65035220 -0.40520810 0.00000000
0.25673960 0.87912290 -0.22686310 1.00000000

-0.20507800 -0.74093480 -0.63949910 0.00000000
-0.69208890 -0.35222700 0.63003900 0.00000000
-0.69206670 0.57179730 -0.44055860 0.00000000
0.32663960 0.86713770 -0.24308940 1.00000000

-0.70614120 -0.47136010 0.52837930 0.00000000
0.11921170 0.65642930 0.74490930 0.00000000
-0.69796400 0.58899990 -0.40733980 0.00000000
0.28741270 0.84781550 -0.20663090 1.00000000

-0.24140290 -0.78166370 -0.57508840 0.00000000
-0.67241080 -0.29256060 0.67990600 0.00000000
-0.69970620 0.55082700 -0.45497420 0.00000000
0.35203860 0.84134450 -0.21995960 1.00000000

-0.69915480 -0.47215720 0.53688950 0.00000000
0.10914500 0.67164080 0.73279360 0.00000000
-0.70659050 0.57093500 -0.41804730 0.00000000
0.31568470 0.82552730 -0.18320050 1.00000000

-0.23903080 -0.77725880 -0.58200810 0.00000000
-0.64042990 -0.32433830 0.69617100 0.00000000
-0.72987270 0.53914180 -0.42025300 0.00000000
0.37283710 0.82096600 -0.19938190 1.00000000

-0.65333350 -0.42019990 0.62975190 0.00000000
0.18612390 0.71714780 0.67160800 0.00000000
-0.73383480 0.55599600 -0.39032730 0.00000000
0.34117070 0.80547730 -0.16431760 1.00000000

-0.29239150 0.76915550 -0.56824920 0.00000000
-0.87403500 -0.45605480 -0.16756170 0.00000000
-0.38803370 0.44767640 0.80561530 0.00000000
0.29577250 0.95540170 -0.21033550 1.00000000

-0.83726680 0.31124940 -0.44956450 0.00000000
-0.43697120 -0.87510900 0.20794390 0.00000000
-0.32869560 0.37055130 0.86870680 0.00000000
0.24322340 0.92958140 -0.22129810 1.00000000

0.61459800 0.18230660 -0.76748530 0.00000000
-0.10303080 -0.94604240 -0.30722720 0.00000000
-0.78208320 0.26789580 -0.56265260 0.00000000
0.40643390 1.09019200 -0.12114050 1.00000000

0.76733420 0.42632000 -0.47900890 0.00000000
0.54515590 -0.82702500 0.13724030 0.00000000
-0.33764390 -0.36644380 -0.86701540 0.00000000
0.25526260 1.44589600 -0.12694990 1.00000000

0.64349780 0.30788530 -0.70079760 0.00000000
0.54515590 -0.82702500 0.13724030 0.00000000
-0.53732270 -0.47035770 -0.70003420 0.00000000
0.35884230 1.28876100 -0.10087430 1.00000000

0.45933930 0.54031680 -0.70502850 0.00000000
0.70319600 -0.70613280 -0.08301789 0.00000000
-0.54269990 -0.45763980 -0.70430310 0.00000000
0.30127830 1.49296000 -0.19065780 1.00000000

0.96179390 0.24461340 -0.12294990 0.00000000
-0.26816590 0.75130830 -0.60301150 0.00000000
-0.05513135 0.61294370 0.78820070 0.00000000
-0.01886303 1.54560800 -0.03459092 1.00000000

0.99687720 0.07259168 0.03108442 0.00000000
-0.06302901 0.96857830 -0.24058960 0.00000000
-0.04757228 0.23787910 0.97012910 0.00000000
-0.05137503 1.63669600 -0.10769900 1.00000000

0.99690890 0.07210361 0.03120562 0.00000000
-0.06252667 0.96861490 -0.24057390 0.00000000
-0.04757228 0.23787910 0.97012910 0.00000000
-0.04916649 1.66149300 -0.23643970 1.00000000

0.96449260 -0.24166180 0.10655240 0.00000000
-0.26386550 -0.89903920 0.34943370 0.00000000
0.01134989 -0.36514170 -0.93088300 0.00000000
0.00231749 1.66121800 -0.21044410 1.00000000

0.94892910 0.31401450 -0.03047270 0.00000000
-0.30496300 0.88823580 -0.34356150 0.00000000
-0.08081642 0.33530860 0.93863560 0.00000000
-0.10279100 1.65188800 -0.21236100 1.00000000

0.99687720 0.07259166 0.03108433 0.00000000
0.06302901 -0.96857830 0.24058960 0.00000000
0.04757226 -0.23787910 -0.97012910 0.00000000
-0.01415733 1.67977900 -0.20674330 1.00000000

0.99687190 0.07262121 0.03118750 0.00000000
-0.06305432 0.96868410 -0.24015690 0.00000000
-0.04765126 0.23743930 0.97023310 0.00000000
-0.08822571 1.67438500 -0.20905260 1.00000000

0.97496410 0.20870960 -0.07671672 0.00000000
0.22128450 -0.94459760 0.24242300 0.00000000
-0.02187049 -0.25333000 -0.96713290 0.00000000
-0.03218551 1.67599900 -0.24592390 1.00000000

0.98249520 0.18627070 0.00250459 0.00000000
-0.18011080 0.95326630 -0.24257640 0.00000000
-0.04757228 0.23787910 0.97012910 0.00000000
-0.06398938 1.67523300 -0.24836140 1.00000000

0.97858000 0.08657753 0.18677680 0.00000000
0.08160783 -0.99607960 0.03414942 0.00000000
0.18900110 -0.01817544 -0.98180890 0.00000000
0.01556385 1.69970500 -0.22925000 1.00000000

0.99575460 0.06297271 -0.06713673 0.00000000
-0.07016191 0.99136960 -0.11074170 0.00000000
0.05958378 0.11498200 0.99157890 0.00000000
-0.11912340 1.69086600 -0.23481720 1.00000000

0.98343210 0.18123750 0.00378412 0.00000000
0.17482510 -0.95374290 0.24456240 0.00000000
0.04793292 -0.23984890 -0.96962600 0.00000000
-0.01416591 1.67997100 -0.20691740 1.00000000

0.99763190 -0.03697661 0.05799460 0.00000000
0.05140866 0.96103790 -0.27159410 0.00000000
-0.04569235 0.27393230 0.96066300 0.00000000
-0.08822273 1.67434300 -0.20905250 1.00000000

0.99563430 0.09059043 0.02248549 0.00000000
-0.08331411 0.97113770 -0.22349590 0.00000000
-0.04208308 0.22064690 0.97444550 0.00000000
-0.05064150 1.64383700 -0.14790140 1.00000000

0.96366890 0.26706570 -0.00423798 0.00000000
0.26362370 -0.94845860 0.17586610 0.00000000
0.04294831 -0.17059400 -0.98440470 0.00000000
-0.02280711 1.60593600 -0.24479460 1.00000000

0.99472900 0.10052690 0.02020574 0.00000000
-0.09403039 0.97290240 -0.21123270 0.00000000
-0.04089275 0.20821940 0.97722700 0.00000000
-0.04476488 1.60524300 -0.24828650 1.00000000

0.99531350 -0.08361616 0.04857147 0.00000000
0.09069794 0.98143140 -0.16901600 0.00000000
-0.03353706 0.17262920 0.98441590 0.00000000
-0.06901197 1.60250500 -0.24377840 1.00000000

0.99573020 0.08274972 0.04091486 0.00000000
0.06880956 -0.96079250 0.26859580 0.00000000
0.06153685 -0.26463350 -0.96238380 0.00000000
0.00156717 1.61417700 -0.21244330 1.00000000

0.99471410 0.10252110 0.00577074 0.00000000
-0.09715722 0.95788190 -0.27022720 0.00000000
-0.03323162 0.26823820 0.96277930 0.00000000
-0.09709357 1.60687600 -0.21249160 1.00000000

0.99050180 0.13618420 0.01897797 0.00000000
0.12354920 -0.94206300 0.31185460 0.00000000
0.06034809 -0.30654790 -0.94994030 0.00000000
-0.02285832 1.62156300 -0.23573270 1.00000000

0.99646400 0.07862002 0.02963498 0.00000000
-0.06568906 0.94890860 -0.30863800 0.00000000
-0.05238590 0.30560000 0.95071790 0.00000000
-0.04570699 1.61714700 -0.23972110 1.00000000

0.99889740 0.03388812 0.03249073 0.00000000
-0.02160585 0.94625440 -0.32270060 0.00000000
-0.04168031 0.32164280 0.94594320 0.00000000
-0.07101277 1.61875300 -0.23575200 1.00000000

0.99685090 0.07299564 0.03098288 0.00000000
0.05652255 -0.92809670 0.36802440 0.00000000
0.05561930 -0.36511420 -0.92929980 0.00000000
-0.02900710 1.64556100 -0.23374500 1.00000000

0.99685090 0.07299564 0.03098288 0.00000000
-0.05652252 0.92809660 -0.36802440 0.00000000
-0.05561933 0.36511420 0.92929970 0.00000000
-0.04687204 1.63563000 -0.24961780 1.00000000

0.99685090 0.07299564 0.03098288 0.00000000
-0.05652252 0.92809660 -0.36802440 0.00000000
-0.05561933 0.36511420 0.92929970 0.00000000
-0.06697524 1.64247900 -0.23485140 1.00000000

0.99687720 0.07259168 0.03108442 0.00000000
-0.06304871 0.96867690 -0.24018790 0.00000000
-0.04754636 0.23747800 0.97022860 0.00000000
-0.05631685 1.72780300 -0.16198490 1.00000000

0.20280180 -0.93820530 0.28043230 0.00000000
0.81996000 0.00615359 -0.57238780 0.00000000
0.53529160 0.34602460 0.77053870 0.00000000
-0.05310102 1.47431700 0.03585501 1.00000000

-0.00681242 -0.18821570 -0.98210400 0.00000000
0.68299960 0.71647360 -0.14204650 0.00000000
0.73038710 -0.67174450 0.12367040 0.00000000
-0.23668910 1.47294700 0.16400780 1.00000000

0.06697994 -0.13506880 -0.98856960 0.00000000
0.48911970 -0.85913030 0.15052340 0.00000000
-0.86964100 -0.49361090 0.00852051 0.00000000
-0.44088460 1.25874400 0.20647290 1.00000000

0.52211570 -0.09859546 -0.84715640 0.00000000
0.21198790 -0.94712060 0.24088110 0.00000000
-0.82610920 -0.30535470 -0.47360560 0.00000000
-0.56373940 1.47453500 0.16866620 1.00000000

-0.54003380 0.18893950 0.82016190 0.00000000
-0.82610920 -0.30535470 -0.47360560 0.00000000
0.16095760 -0.93330630 0.32098650 0.00000000
-0.53502680 1.57816300 0.11582480 1.00000000

0.55116520 -0.29368580 -0.78100300 0.00000000
-0.05218735 -0.94631090 0.31901820 0.00000000
-0.83276250 -0.13507320 -0.53690020 0.00000000
-0.53318120 1.62379700 0.16462520 1.00000000

0.05301666 -0.99189510 0.11547160 0.00000000
-0.59516240 0.06146647 0.80125130 0.00000000
-0.80185470 -0.11120400 -0.58707990 0.00000000
-0.53031250 1.67581200 0.14708970 1.00000000

0.35549270 -0.92475550 0.13583950 0.00000000
-0.53687310 -0.08305826 0.83956460 0.00000000
-0.76510930 -0.37138750 -0.52600280 0.00000000
-0.57139980 1.61197600 0.14445850 1.00000000

-0.50848320 -0.15753030 0.84653930 0.00000000
-0.40051950 0.91356650 -0.07057336 0.00000000
-0.76225240 -0.37494080 -0.52762720 0.00000000
-0.54047070 1.61583500 0.09681528 1.00000000

0.22516140 -0.94312630 0.24457260 0.00000000
-0.62541030 0.05257736 0.77852280 0.00000000
-0.74710420 -0.32825130 -0.57800220 0.00000000
-0.60416640 1.59793600 0.12048600 1.00000000

-0.52883930 -0.21579460 0.82083010 0.00000000
-0.48818950 0.86846970 -0.08620879 0.00000000
-0.69426240 -0.44631100 -0.56462950 0.00000000
-0.57035350 1.59509400 0.07839518 1.00000000

0.24953410 -0.94493740 0.21172220 0.00000000
-0.71105590 -0.03037481 0.70247910 0.00000000
-0.65736760 -0.32583870 -0.67948280 0.00000000
-0.63040070 1.58489200 0.10016600 1.00000000

-0.61878230 -0.21275510 0.75620340 0.00000000
-0.55812140 0.79648860 -0.23260760 0.00000000
-0.55281900 -0.56598690 -0.61159630 0.00000000
-0.59483370 1.58565500 0.06543028 1.00000000

-0.57113270 0.48520370 -0.66210630 0.00000000
-0.78624510 -0.09160181 0.61108730 0.00000000
0.23585150 0.86958980 0.43380580 0.00000000
-0.49861080 1.55151000 0.17086770 1.00000000

-0.68988600 0.33098470 0.64382180 0.00000000
0.17618490 -0.78584900 0.59279060 0.00000000
0.70215120 0.52238950 0.48383150 0.00000000
-0.45518940 1.55822600 0.13972190 1.00000000

0.28000650 -0.00877578 -0.95995820 0.00000000
0.48911970 -0.85913030 0.15052340 0.00000000
-0.82604980 -0.51168190 -0.23626960 0.00000000
-0.49695910 1.35723600 0.18921480 1.00000000

0.72212770 -0.69157350 -0.01605955 0.00000000
0.68299960 0.71647360 -0.14204650 0.00000000
0.10974190 0.09160691 0.98972980 0.00000000
-0.23668910 1.47294700 0.16400780 1.00000000

0.55584750 -0.63600310 -0.53528850 0.00000000
0.68299960 0.71647360 -0.14204650 0.00000000
0.47386210 -0.28664570 0.83263980 0.00000000
-0.36645910 1.33681700 0.19099460 1.00000000

0.78886470 -0.61396720 -0.02714440 0.00000000
0.47700790 0.63954420 -0.60286540 0.00000000
0.38749960 0.46263110 0.79738100 0.00000000
-0.30663940 1.52609400 0.16922460 1.00000000

0.99542520 -0.09554432 0.00000000 0.00000000
0.09554432 0.99542520 -0.00000002 0.00000000
0.00000003 0.00000002 0.99999990 0.00000000
-0.14953940 0.92786300 0.09664843 1.00000000

1.00000000 0.00000000 0.00000000 0.00000000
0.00000000 1.00000000 0.00000000 0.00000000
0.00000000 0.00000000 1.00000000 0.00000000
0.00000000 0.00000000 0.00000000 1.00000000

1.00000000 0.00000000 0.00000000 0.00000000
0.00000000 1.00000000 0.00000000 0.00000000
0.00000000 0.00000000 1.00000000 0.00000000
0.00000000 0.00000000 0.00000000 1.00000000

0.81320360 -0.00041680 -0.58197900 0.00000000
-0.00667639 0.99992730 -0.01004509 0.00000000
0.58194090 0.01205423 0.81314170 0.00000000
0.02028930 0.88123110 0.01386630 1.00000000

0.93665490 0.15453470 0.31431940 0.00000000
0.24525580 -0.93005290 -0.27359010 0.00000000
0.25005440 0.33334820 -0.90903910 0.00000000
0.12513550 0.85003750 -0.06732218 1.00000000

0.93665490 0.15453470 0.31431940 0.00000000
0.09879754 -0.97753360 0.18619170 0.00000000
0.33603070 -0.14334330 -0.93087940 0.00000000
0.23313490 0.44048480 -0.18779870 1.00000000

0.99115480 0.06273779 -0.11694440 0.00000000
0.06350045 -0.99797810 0.00280345 0.00000000
-0.11653210 -0.01020465 -0.99313470 0.00000000
0.26464750 0.12868890 -0.12841070 1.00000000

0.99099450 0.06269630 -0.11831770 0.00000000
0.06809326 -0.99678900 0.04213304 0.00000000
-0.11529630 -0.04981020 -0.99208180 0.00000000
0.25529650 0.02331120 -0.26419720 1.00000000

0.53173570 -0.28165700 -0.79870300 0.00000000
0.18808160 0.95880100 -0.21289930 0.00000000
0.82576180 -0.03701520 0.56280310 0.00000000
-0.09040281 0.85014750 0.08693030 1.00000000

0.53173510 -0.28165980 -0.79870240 0.00000000
-0.03528592 0.93489060 -0.35317760 0.00000000
0.84617540 0.21597990 0.48717560 0.00000000
-0.17322520 0.42793620 0.18068130 1.00000000

0.44237770 -0.10049870 -0.89118000 0.00000000
0.05283262 0.99489620 -0.08596884 0.00000000
0.89527130 -0.00905271 0.44542940 0.00000000
-0.16197080 0.12974830 0.29332920 1.00000000

0.43334760 -0.10077230 -0.89557500 0.00000000
-0.04508921 0.99006010 -0.13322160 0.00000000
0.90009820 0.09811198 0.42449650 0.00000000
-0.29014470 0.02733028 0.24125360 1.00000000

0.81799440 0.01563992 -0.57501350 0.00000000
-0.00227578 0.99971040 0.02395390 0.00000000
0.57522150 -0.01828555 0.81779320 0.00000000
0.02116433 1.01766400 0.01499127 1.00000000

0.84904520 0.00167244 -0.52831750 0.00000000
-0.03742018 0.99767390 -0.05697877 0.00000000
0.52699330 0.06814729 0.84713280 0.00000000
0.02077169 1.19014300 0.01912401 1.00000000

0.88018540 -0.02686961 -0.47386880 0.00000000
-0.13392840 0.94376420 -0.30227870 0.00000000
0.45534240 0.32952590 0.82708880 0.00000000
0.01949902 1.37806100 0.01767361 1.00000000

-0.03939120 0.94852400 -0.31424640 0.00000000
0.91386210 -0.09298915 -0.39523310 0.00000000
-0.40410950 -0.30274650 -0.86315700 0.00000000
0.06658169 1.47045900 -0.03367964 1.00000000

0.58902270 0.25829010 -0.76572750 0.00000000
0.49916450 -0.86145970 0.09339195 0.00000000
-0.63552120 -0.43723400 -0.63634850 0.00000000
0.27119490 1.44963900 -0.12217210 1.00000000

0.60878840 0.20687990 -0.76588340 0.00000000
-0.38497190 -0.76707970 -0.51321080 0.00000000
-0.69366660 0.60728060 -0.38734620 0.00000000
0.42042750 1.19209400 -0.09425168 1.00000000

0.82529460 -0.01776860 -0.56442260 0.00000000
-0.47704450 -0.55679930 -0.68000230 0.00000000
-0.30218750 0.83045720 -0.46799980 0.00000000
0.32373250 0.99942320 -0.22315700 1.00000000

-0.72991890 0.11418580 0.67392910 0.00000000
-0.30218750 0.83045720 -0.46799980 0.00000000
-0.61310800 -0.54525480 -0.57166060 0.00000000
0.28097490 1.01212500 -0.26916480 1.00000000

0.33907980 -0.39161880 -0.85537090 0.00000000
-0.91070020 -0.36464030 -0.19406770 0.00000000
-0.23590220 0.84479130 -0.48028950 0.00000000
0.23424870 0.98108170 -0.34516340 1.00000000

-0.26919670 -0.57989380 -0.76893190 0.00000000
-0.89540490 -0.14331700 0.42155710 0.00000000
-0.35465930 0.80198730 -0.48065920 0.00000000
0.18419110 0.96103880 -0.35583060 1.00000000

0.36424590 -0.38875490 -0.84628280 0.00000000
-0.84458990 -0.52078930 -0.12428350 0.00000000
-0.39241930 0.76003180 -0.51803390 0.00000000
0.24833190 0.94292020 -0.32638920 1.00000000

-0.24879810 -0.66726010 -0.70204230 0.00000000
-0.82972090 -0.22709740 0.50989210 0.00000000
-0.49966270 0.70935960 -0.49713830 0.00000000
0.19989190 0.91367350 -0.33267580 1.00000000

0.30187960 -0.44285740 -0.84424270 0.00000000
-0.86409940 -0.50120880 -0.04606500 0.00000000
-0.40274170 0.74341580 -0.53397750 0.00000000
0.25772970 0.90785460 -0.30342240 1.00000000

-0.24579700 -0.68439520 -0.68643060 0.00000000
-0.82271120 -0.22717200 0.52109450 0.00000000
-0.51257250 0.69281760 -0.50722150 0.00000000
0.21101210 0.88075660 -0.30591290 1.00000000

0.31146830 -0.43685520 -0.84388690 0.00000000
-0.79956840 -0.60037040 0.01568300 0.00000000
-0.51349600 0.66986040 -0.53629180 0.00000000
0.26533230 0.87969940 -0.28290910 1.00000000

-0.28758600 -0.76081740 -0.58176540 0.00000000
-0.73885360 -0.21026670 0.64022110 0.00000000
-0.60941730 0.61395840 -0.50166310 0.00000000
0.22531970 0.85021900 -0.28146850 1.00000000

0.41097470 0.79000060 -0.45497160 0.00000000
-0.83788890 0.13067110 -0.52996920 0.00000000
-0.35922430 0.59901950 0.71563490 0.00000000
0.24356030 1.03346900 -0.28646230 1.00000000

0.06773475 0.76922640 -0.63537610 0.00000000
-0.89033170 -0.24079080 -0.38643120 0.00000000
-0.45024590 0.59187040 0.66855670 0.00000000
0.19438350 1.04262000 -0.31880710 1.00000000

0.72771740 0.08972207 -0.67998310 0.00000000
-0.38497190 -0.76707970 -0.51321080 0.00000000
-0.56764770 0.63524710 -0.52367680 0.00000000
0.37629510 1.10415700 -0.15308530 1.00000000

0.79100870 0.40901690 -0.45498440 0.00000000
0.49916450 -0.86145970 0.09339195 0.00000000
-0.35375170 -0.30098580 -0.88558850 0.00000000
0.27119490 1.44963900 -0.12217210 1.00000000

0.67394500 0.31822990 -0.66672930 0.00000000
0.49916450 -0.86145970 0.09339195 0.00000000
-0.54464030 -0.39574860 -0.73942540 0.00000000
0.36603610 1.28596200 -0.10442760 1.00000000

0.49683390 0.57246920 -0.65225390 0.00000000
0.69797460 -0.71022810 -0.09169161 0.00000000
-0.51573960 -0.40970110 -0.75243440 0.00000000
0.32057340 1.49954900 -0.18101120 1.00000000

0.96465550 0.23946350 -0.10998670 0.00000000
-0.25742660 0.76716300 -0.58753070 0.00000000
-0.05631441 0.59507840 0.80169220 0.00000000
-0.00533176 1.54808400 -0.03808892 1.00000000

0.99770990 0.06531890 0.01756361 0.00000000
-0.05938721 0.97023440 -0.23477240 0.00000000
-0.03237593 0.23319170 0.97189160 0.00000000
-0.03654176 1.64109300 -0.10932020 1.00000000

0.99789510 0.06220770 0.01831636 0.00000000
-0.05618789 0.97043900 -0.23471480 0.00000000
-0.03237593 0.23319170 0.97189160 0.00000000
-0.03594333 1.66654000 -0.23795160 1.00000000

0.96411410 -0.24908170 0.09188050 0.00000000
-0.26545430 -0.89892980 0.34851050 0.00000000
-0.00421360 -0.36039410 -0.93279100 0.00000000
0.01589327 1.66576600 -0.21267810 1.00000000

0.95141760 0.30509080 -0.04152110 0.00000000
-0.30101270 0.89326100 -0.33388050 0.00000000
-0.06477460 0.33015810 0.94170030 0.00000000
-0.08933754 1.65712900 -0.21313040 1.00000000

0.99770990 0.06531888 0.01756352 0.00000000
0.05938721 -0.97023440 0.23477240 0.00000000
0.03237578 -0.23319170 -0.97189160 0.00000000
-0.00039425 1.68442200 -0.20865350 1.00000000

0.99768720 0.06548277 0.01822653 0.00000000
-0.05948549 0.97089180 -0.23201330 0.00000000
-0.03288880 0.23039260 0.97254180 0.00000000
-0.07452451 1.67956800 -0.20995820 1.00000000

0.97662070 0.19729130 -0.08536950 0.00000000
0.21215020 -0.94865750 0.23460930 0.00000000
-0.03470010 -0.24723560 -0.96833410 0.00000000
-0.01902528 1.68094900 -0.24760550 1.00000000

0.98344600 0.18088760 -0.01064053 0.00000000
-0.17828440 0.95545870 -0.23518780 0.00000000
-0.03237593 0.23319170 0.97189160 0.00000000
-0.05087676 1.68050900 -0.24958840 1.00000000

0.98191390 0.07851885 0.17227800 0.00000000
0.07450552 -0.99678000 0.02964946 0.00000000
0.17405130 -0.01627769 -0.98460230 0.00000000
0.02915971 1.70415500 -0.23143090 1.00000000

0.99498220 0.05601287 -0.08290339 0.00000000
-0.06436504 0.99272390 -0.10176670 0.00000000
0.07659987 0.10659220 0.99134770 0.00000000
-0.10565390 1.69633700 -0.23523660 1.00000000

0.98495260 0.17261120 -0.00860468 0.00000000
0.16971620 -0.95663080 0.23675650 0.00000000
0.03263539 -0.23465440 -0.97153090 0.00000000
-0.00039897 1.68455900 -0.20889610 1.00000000

0.99813720 -0.04278610 0.04349196 0.00000000
0.05253797 0.96519100 -0.25621460 0.00000000
-0.03101555 0.25802250 0.96564100 0.00000000
-0.07452086 1.67950500 -0.20992890 1.00000000

0.99654400 0.08252536 0.00946763 0.00000000
-0.07848252 0.97275230 -0.21815870 0.00000000
-0.02721325 0.21666180 0.97586750 0.00000000
-0.03631798 1.64845600 -0.14941380 1.00000000

0.96533270 0.26054010 -0.01586023 0.00000000
0.25947020 -0.95120280 0.16699930 0.00000000
0.02842364 -0.16532530 -0.98582970 0.00000000
-0.01007425 1.61075700 -0.24681370 1.00000000

0.99542130 0.09535456 0.00661299 0.00000000
-0.09196834 0.97432460 -0.20550750 0.00000000
-0.02603924 0.20395850 0.97863330 0.00000000
-0.03210580 1.61030800 -0.25004700 1.00000000

0.99530950 -0.09034452 0.03459445 0.00000000
0.09487411 0.98147580 -0.16644460 0.00000000
-0.01891625 0.16894610 0.98544370 0.00000000
-0.05631275 1.60775100 -0.24522290 1.00000000

0.99681950 0.07495314 0.02707437 0.00000000
0.06531133 -0.96301620 0.26140800 0.00000000
0.04566652 -0.25880840 -0.96484870 0.00000000
0.01482952 1.61872300 -0.21486320 1.00000000

0.99533940 0.09608252 -0.00823230 0.00000000
-0.09482855 0.95967620 -0.26463020 0.00000000
-0.01752597 0.26417760 0.96431460 0.00000000
-0.08394779 1.61212400 -0.21360330 1.00000000

0.99188260 0.12698430 0.00661668 0.00000000
0.11883940 -0.94425960 0.30700290 0.00000000
0.04523236 -0.30372460 -0.95168540 0.00000000
-0.00989195 1.62646600 -0.23780940 1.00000000

0.99746750 0.06911818 0.01676184 0.00000000
-0.06076242 0.95066060 -0.30422380 0.00000000
-0.03696224 0.30243500 0.95245290 0.00000000
-0.03284924 1.62217000 -0.24150640 1.00000000

0.99949220 0.02566899 0.01886988 0.00000000
-0.01829790 0.94739050 -0.31955600 0.00000000
-0.02607968 0.31904850 0.94737950 0.00000000
-0.05807795 1.62391000 -0.23716520 1.00000000

0.99768440 0.06573299 0.01746061 0.00000000
0.05481774 -0.92914000 0.36564170 0.00000000
0.04025796 -0.36383800 -0.93059190 0.00000000
-0.01585392 1.65045300 -0.23561920 1.00000000

0.99768440 0.06573299 0.01746061 0.00000000
-0.05481775 0.92913990 -0.36564180 0.00000000
-0.04025805 0.36383810 0.93059180 0.00000000
-0.03401669 1.64069700 -0.25127620 1.00000000

0.99768440 0.06573299 0.01746061 0.00000000
-0.05481775 0.92913990 -0.36564180 0.00000000
-0.04025805 0.36383810 0.93059180 0.00000000
-0.05386692 1.64758300 -0.23619720 1.00000000

0.99770990 0.06531890 0.01756361 0.00000000
-0.05940061 0.97033100 -0.23436990 0.00000000
-0.03235126 0.23278990 0.97198870 0.00000000
-0.04158088 1.73251300 -0.16306910 1.00000000

0.13401570 -0.95246740 0.27357890 0.00000000
0.86956670 -0.01937892 -0.49343510 0.00000000
0.47528250 0.30402320 0.82563690 0.00000000
-0.04483739 1.47385600 0.02630797 1.00000000

0.07977521 -0.07852808 -0.99371470 0.00000000
0.94928670 0.31013180 0.05170053 0.00000000
0.30412260 -0.94744470 0.09928647 0.00000000
-0.23953160 1.47820400 0.13678350 1.00000000

0.17387800 -0.06645191 -0.98252240 0.00000000
-0.08508833 -0.99500300 0.05223788 0.00000000
-0.98108420 0.07451815 -0.17866340 0.00000000
-0.52333830 1.38548400 0.12132450 1.00000000

0.75631790 -0.04311736 -0.65278170 0.00000000
-0.09688015 -0.99420560 -0.04657710 0.00000000
-0.64699100 0.09846871 -0.75611280 0.00000000
-0.50196710 1.63540300 0.10820430 1.00000000

