MeshAnim
1
35
79
30
0.77101240 -0.00988551 -0.63674350 0.00000000
-0.01891703 0.99908270 -0.03841689 0.00000000
0.63653920 0.04166519 0.77011810 0.00000000
0.01237277 0.88258880 0.05137447 1.00000000

0.94507770 0.16080310 0.28455330 0.00000000
0.24530430 -0.92430140 -0.29239210 0.00000000
0.21599530 0.34613540 -0.91298230 0.00000000
0.11171420 0.85000730 -0.03595850 1.00000000

0.94507770 0.16080310 0.28455330 0.00000000
0.13748850 -0.98541920 0.10023140 0.00000000
0.29652160 -0.05560366 -0.95340630 0.00000000
0.21973500 0.44298730 -0.16471460 1.00000000

0.99132810 0.06231824 -0.11569340 0.00000000
0.06203510 -0.99805600 -0.00605070 0.00000000
-0.11584550 -0.00117882 -0.99326680 0.00000000
0.26358860 0.12867630 -0.13274460 1.00000000

0.99116870 0.06228920 -0.11706720 0.00000000
0.06660186 -0.99722440 0.03329109 0.00000000
-0.11466850 -0.04079395 -0.99256620 0.00000000
0.25417890 0.02452701 -0.26947170 1.00000000

0.56900570 -0.23259220 -0.78875430 0.00000000
0.23881670 0.96456620 -0.11215460 0.00000000
0.78689210 -0.12455110 0.60439060 0.00000000
-0.09264131 0.85262700 0.13280920 1.00000000

0.56900460 -0.23259690 -0.78875380 0.00000000
-0.09397140 0.93448950 -0.34336390 0.00000000
0.81694750 0.26949590 0.50987140 0.00000000
-0.19780510 0.42787690 0.18219690 1.00000000

0.44429870 -0.10249550 -0.88999630 0.00000000
0.05992611 0.99460910 -0.08462718 0.00000000
0.89387230 -0.01573429 0.44804560 0.00000000
-0.16783200 0.12981010 0.29171720 1.00000000

0.43528000 -0.10270190 -0.89441810 0.00000000
-0.03788706 0.99050250 -0.13217300 0.00000000
0.89949760 0.09141918 0.42725480 0.00000000
-0.29655320 0.02833748 0.23914330 1.00000000

0.78026320 -0.01236937 -0.62532900 0.00000000
-0.00303019 0.99971800 -0.02355596 0.00000000
0.62544400 0.02027470 0.78000560 0.00000000
0.01174564 1.01899700 0.04849735 1.00000000

0.80547560 -0.03618800 -0.59152310 0.00000000
-0.04353745 0.99182340 -0.11996230 0.00000000
0.59102760 0.12238010 0.79731400 0.00000000
0.01122285 1.19147800 0.04443326 1.00000000

0.83185740 -0.04862347 -0.55285540 0.00000000
-0.19325780 0.90843050 -0.37068270 0.00000000
0.52025450 0.41519880 0.74628760 0.00000000
0.00950092 1.37889000 0.03062306 1.00000000

-0.08991030 0.91199020 -0.40023760 0.00000000
0.88731410 -0.10915900 -0.44806030 0.00000000
-0.45231600 -0.39542160 -0.79940710 0.00000000
0.04841525 1.46731100 -0.03308556 1.00000000

0.57987000 0.21546340 -0.78570120 0.00000000
0.51809950 -0.84179130 0.15152730 0.00000000
-0.62874780 -0.49493750 -0.59976090 0.00000000
0.24708430 1.44287000 -0.13340600 1.00000000

0.59070350 0.19102350 -0.78395120 0.00000000
0.09474022 -0.98127220 -0.16771790 0.00000000
-0.80130740 0.02479993 -0.59773830 0.00000000
0.40197790 1.19120500 -0.08810522 1.00000000

0.56716380 0.22208820 -0.79309650 0.00000000
-0.23621620 -0.87863830 -0.41496630 0.00000000
-0.78900380 0.42269610 -0.44587090 0.00000000
0.42577410 0.94473460 -0.13023160 1.00000000

-0.51752880 -0.06614017 0.85310580 0.00000000
-0.78900380 0.42269610 -0.44587090 0.00000000
-0.33111450 -0.90385500 -0.27094230 0.00000000
0.37431730 0.92243950 -0.16123750 1.00000000

-0.40681810 -0.87186450 -0.27267480 0.00000000
-0.50205520 -0.03597986 0.86408690 0.00000000
-0.76317750 0.48842390 -0.42308670 0.00000000
0.33666820 0.85345030 -0.21363820 1.00000000

-0.43164710 0.10562740 0.89583680 0.00000000
0.47851090 0.86868170 0.12813860 0.00000000
-0.76466210 0.48397840 -0.42550780 0.00000000
0.30907230 0.85147270 -0.16614270 1.00000000

-0.32369940 -0.90278430 -0.28319490 0.00000000
-0.52383450 -0.07825361 0.84821810 0.00000000
-0.78791880 0.42291500 -0.44757880 0.00000000
0.37251310 0.83337060 -0.19577620 1.00000000

-0.45340540 0.10046320 0.88562480 0.00000000
0.41675980 0.90221210 0.11101980 0.00000000
-0.78786750 0.41942960 -0.45093660 0.00000000
0.34297380 0.82979300 -0.14723820 1.00000000

-0.34348780 -0.91684250 -0.20350980 0.00000000
-0.50240140 -0.00369872 0.86462650 0.00000000
-0.79347910 0.39923220 -0.45935250 0.00000000
0.40374690 0.81480590 -0.17285890 1.00000000

-0.45715620 0.10724790 0.88289640 0.00000000
0.40174530 0.91055570 0.09741257 0.00000000
-0.79347910 0.39923220 -0.45935250 0.00000000
0.37658440 0.81460590 -0.12611290 1.00000000

-0.34523120 -0.91495190 -0.20899360 0.00000000
-0.50320100 -0.00751763 0.86413660 0.00000000
-0.79221460 0.40349280 -0.45780940 0.00000000
0.42930670 0.80049530 -0.15253130 1.00000000

-0.41275490 0.20687890 0.88703680 0.00000000
0.44827610 0.89389510 0.00011304 0.00000000
-0.79289450 0.39768420 -0.46169850 0.00000000
0.40454560 0.80086370 -0.10941590 1.00000000

-0.59074410 0.59002510 -0.55035630 0.00000000
-0.72631230 -0.68594030 0.04423115 0.00000000
-0.35141400 0.42585990 0.83375740 0.00000000
0.32864540 0.91778480 -0.16810010 1.00000000

-0.98159860 -0.09384333 -0.16630590 0.00000000
0.01367702 -0.90322580 0.42894750 0.00000000
-0.19046550 0.41877980 0.88788840 0.00000000
0.28437450 0.87796590 -0.16642120 1.00000000

0.57545470 0.19145810 -0.79510720 0.00000000
0.09474022 -0.98127220 -0.16771790 0.00000000
-0.81232760 0.02118547 -0.58281650 0.00000000
0.41283880 1.07871400 -0.10733220 1.00000000

0.77087540 0.39378360 -0.50068510 0.00000000
0.52353450 -0.83942720 0.14585480 0.00000000
-0.36285350 -0.37456180 -0.85325310 0.00000000
0.24708430 1.44287000 -0.13340600 1.00000000

0.63376220 0.25885140 -0.72893180 0.00000000
0.51809950 -0.84179130 0.15152730 0.00000000
-0.57438530 -0.47369140 -0.66760610 0.00000000
0.34552320 1.28293000 -0.10461580 1.00000000

0.43344490 0.51770160 -0.73763870 0.00000000
0.71170850 -0.69875450 -0.07220316 0.00000000
-0.55280790 -0.49368750 -0.67132400 0.00000000
0.29078530 1.48795800 -0.20010350 1.00000000

0.95786750 0.25383230 -0.13438400 0.00000000
-0.28117250 0.73331650 -0.61902270 0.00000000
-0.05858189 0.63072690 0.77379060 0.00000000
-0.02613816 1.54241000 -0.03738299 1.00000000

0.99522640 0.08942598 0.03908297 0.00000000
-0.07682738 0.96485160 -0.25131530 0.00000000
-0.06018355 0.24711300 0.96711590 0.00000000
-0.06022705 1.63131500 -0.11243230 1.00000000

0.99522640 0.08942598 0.03908297 0.00000000
-0.07682738 0.96485160 -0.25131530 0.00000000
-0.06018355 0.24711300 0.96711590 0.00000000
-0.05727337 1.65480900 -0.24140240 1.00000000

0.96735120 -0.22452110 0.11756670 0.00000000
-0.25213180 -0.89961500 0.35654280 0.00000000
0.02571338 -0.37454450 -0.92685280 0.00000000
-0.00604697 1.65590700 -0.21501880 1.00000000

0.94370380 0.32980390 -0.02554345 0.00000000
-0.31689710 0.87922050 -0.35573530 0.00000000
-0.09486467 0.34380350 0.93423780 0.00000000
-0.11093810 1.64457900 -0.21770540 1.00000000

0.99522640 0.08942596 0.03908294 0.00000000
0.07682738 -0.96485160 0.25131530 0.00000000
0.06018344 -0.24711300 -0.96711600 0.00000000
-0.02283810 1.67398000 -0.21159340 1.00000000

0.99522640 0.08942598 0.03908297 0.00000000
-0.07682738 0.96485160 -0.25131530 0.00000000
-0.06018355 0.24711300 0.96711590 0.00000000
-0.09678379 1.66733500 -0.21449710 1.00000000

0.97178180 0.22492010 -0.07107270 0.00000000
0.23569250 -0.93795820 0.25432990 0.00000000
-0.00945938 -0.26390440 -0.96450250 0.00000000
-0.04042626 1.66952600 -0.25087810 1.00000000

0.97929120 0.20224430 0.00926459 0.00000000
-0.19330430 0.94764580 -0.25416740 0.00000000
-0.06018355 0.24711300 0.96711590 0.00000000
-0.07220445 1.66816600 -0.25359900 1.00000000

0.97525530 0.10475110 0.19469070 0.00000000
0.09779416 -0.99418740 0.04503559 0.00000000
0.19827660 -0.02488152 -0.97983040 0.00000000
0.00674989 1.69418000 -0.23405420 1.00000000

0.99516560 0.07879769 -0.05862063 0.00000000
-0.08549990 0.98879920 -0.12233650 0.00000000
0.04832423 0.12675710 0.99075590 0.00000000
-0.12771960 1.68305900 -0.24067070 1.00000000

0.98019180 0.19777410 0.01046294 0.00000000
0.18855560 -0.94805770 0.25619080 0.00000000
0.06058726 -0.24914330 -0.96656980 0.00000000
-0.02285153 1.67419700 -0.21174770 1.00000000

0.99753740 -0.02006534 0.06720352 0.00000000
0.03840423 0.95805410 -0.28400270 0.00000000
-0.05868608 0.28588440 0.95646550 0.00000000
-0.09678192 1.66732700 -0.21452760 1.00000000

0.98593540 0.15363860 0.06577790 0.00000000
-0.13450360 0.96304610 -0.23334810 0.00000000
-0.09919837 0.22121880 0.97016600 0.00000000
-0.05925000 1.63804700 -0.15271410 1.00000000

0.91960350 0.38377110 0.08395982 0.00000000
0.37398160 -0.92064880 0.11200040 0.00000000
0.12027980 -0.07159640 -0.99015490 0.00000000
-0.02145533 1.59070200 -0.24248340 1.00000000

0.98564410 0.15570760 0.06527641 0.00000000
-0.14779640 0.98262650 -0.11225670 0.00000000
-0.08162156 0.10099750 0.99153290 0.00000000
-0.04801507 1.60331300 -0.25299180 1.00000000

0.99561600 -0.09085549 -0.02222809 0.00000000
0.08875389 0.99266640 -0.08207484 0.00000000
0.02952194 0.07974219 0.99637820 0.00000000
-0.07535032 1.58416000 -0.24323620 1.00000000

0.99503830 -0.00603697 0.09930947 0.00000000
-0.03766423 -0.94672660 0.31982900 0.00000000
0.09208822 -0.32198250 -0.94225660 0.00000000
-0.00003072 1.59912900 -0.21167510 1.00000000

0.95626850 0.29069910 -0.03232151 0.00000000
-0.28488030 0.90064060 -0.32816180 0.00000000
-0.06628615 0.32301850 0.94406840 0.00000000
-0.10834980 1.58473800 -0.21292160 1.00000000

0.98487280 0.12416790 0.12086360 0.00000000
0.06008692 -0.89895360 0.43390370 0.00000000
0.16252780 -0.42007760 -0.89281560 0.00000000
-0.02611589 1.61325000 -0.23627090 1.00000000

0.99249300 0.11814980 0.03159615 0.00000000
-0.09309128 0.89735560 -0.43137850 0.00000000
-0.07932046 0.42519870 0.90161760 0.00000000
-0.05190694 1.61301800 -0.24305080 1.00000000

0.98885340 0.13592880 -0.06076410 0.00000000
-0.14844770 0.86854500 -0.47285650 0.00000000
-0.01149848 0.47660600 0.87904180 0.00000000
-0.07960598 1.60908100 -0.23730780 1.00000000

0.99519490 0.08982126 0.03898013 0.00000000
0.06867889 -0.92409380 0.37594450 0.00000000
0.06978908 -0.37146090 -0.92582190 0.00000000
-0.03686088 1.63894000 -0.23828490 1.00000000

0.99519490 0.08982126 0.03898013 0.00000000
-0.06867890 0.92409380 -0.37594450 0.00000000
-0.06978902 0.37146090 0.92582200 0.00000000
-0.05441334 1.62858200 -0.25421820 1.00000000

0.99519490 0.08982126 0.03898013 0.00000000
-0.06867890 0.92409380 -0.37594450 0.00000000
-0.06978902 0.37146090 0.92582200 0.00000000
-0.07476335 1.63532700 -0.23972060 1.00000000

0.99522640 0.08942598 0.03908297 0.00000000
-0.07685228 0.96495380 -0.25091480 0.00000000
-0.06015167 0.24671350 0.96721990 0.00000000
-0.06618313 1.72176000 -0.16771530 1.00000000

0.24889120 -0.92550870 0.28545930 0.00000000
0.78590760 0.02073754 -0.61799620 0.00000000
0.56604110 0.37815830 0.73252560 0.00000000
-0.05688582 1.47346200 0.03690102 1.00000000

0.04184642 -0.23689190 -0.97063450 0.00000000
0.51231640 0.83913570 -0.18271140 0.00000000
0.85777680 -0.48962610 0.15647830 0.00000000
-0.23285010 1.46882700 0.17526530 1.00000000

0.09932286 -0.17279200 -0.97993780 0.00000000
0.72947800 -0.65714080 0.18981040 0.00000000
-0.67675470 -0.73369560 0.06077895 0.00000000
-0.38601680 1.21795100 0.22988800 1.00000000

0.31652070 -0.01871649 -0.94840110 0.00000000
0.46622880 -0.86763920 0.17272250 0.00000000
-0.82610260 -0.49684200 -0.26589950 0.00000000
-0.56924300 1.38300700 0.18221330 1.00000000

-0.35720650 0.09674735 0.92900150 0.00000000
-0.82610260 -0.49684200 -0.26589950 0.00000000
0.43584180 -0.86243150 0.25739840 0.00000000
-0.57735760 1.48807300 0.12519760 1.00000000

0.40261340 -0.19990580 -0.89327500 0.00000000
0.23439020 -0.92081330 0.31171200 0.00000000
-0.88485240 -0.33487430 -0.32387570 0.00000000
-0.57418610 1.53503800 0.17264810 1.00000000

0.29610640 -0.95105260 0.08843266 0.00000000
-0.38828130 -0.03526407 0.92086630 0.00000000
-0.87267330 -0.30701100 -0.37971740 0.00000000
-0.58706950 1.58565200 0.15551410 1.00000000

0.57240260 -0.81915120 0.03669447 0.00000000
-0.29221670 -0.16197220 0.94253640 0.00000000
-0.76613620 -0.55023290 -0.33208270 0.00000000
-0.61250240 1.51437500 0.16206570 1.00000000

-0.24727920 -0.22815860 0.94169900 0.00000000
-0.59719070 0.80123120 0.03731012 0.00000000
-0.76303110 -0.55314770 -0.33438180 0.00000000
-0.59529320 1.52283400 0.10845900 1.00000000

0.47868600 -0.86073240 0.17320400 0.00000000
-0.42030250 -0.05144822 0.90592460 0.00000000
-0.77084730 -0.50645140 -0.38639520 0.00000000
-0.64606470 1.49256900 0.14646070 1.00000000

-0.25975060 -0.29048100 0.92095110 0.00000000
-0.67391010 0.73758630 0.04257140 0.00000000
-0.69164670 -0.60958000 -0.38734630 0.00000000
-0.62334090 1.49535100 0.09748176 1.00000000

0.49442220 -0.85860150 0.13546430 0.00000000
-0.50097820 -0.15412260 0.85162630 0.00000000
-0.71032930 -0.48892750 -0.50634220 0.00000000
-0.67280360 1.47330400 0.13285270 1.00000000

-0.36076980 -0.30973620 0.87972090 0.00000000
-0.75869390 0.64605160 -0.08367243 0.00000000
-0.54242870 -0.69762530 -0.46807060 0.00000000
-0.64748320 1.48029200 0.09063661 1.00000000

-0.80347080 0.32152000 -0.50105850 0.00000000
-0.58016050 -0.23398870 0.78016880 0.00000000
0.13359770 0.91753700 0.37453630 0.00000000
-0.52405280 1.47229200 0.16964730 1.00000000

-0.57443830 0.20043290 0.79362940 0.00000000
0.47961770 -0.70326990 0.52476540 0.00000000
0.66331580 0.68208350 0.30785390 0.00000000
-0.49176550 1.48694100 0.12910670 1.00000000

0.19360800 -0.06778047 -0.97873470 0.00000000
0.72947800 -0.65714080 0.18981040 0.00000000
-0.65603200 -0.75071430 -0.07778323 0.00000000
-0.46964600 1.29328600 0.20812590 1.00000000

0.84018470 -0.51550250 -0.16836640 0.00000000
0.48647400 0.85364900 -0.18608260 0.00000000
0.23965160 0.07443785 0.96800110 0.00000000
-0.23285030 1.46882700 0.17526540 1.00000000

0.68399340 -0.52734660 -0.50404240 0.00000000
0.51231640 0.83913570 -0.18271140 0.00000000
0.51931200 -0.13325590 0.84413140 0.00000000
-0.33019030 1.30939000 0.20997850 1.00000000

0.80581820 -0.58904370 -0.06070143 0.00000000
0.42118850 0.64219080 -0.64046180 0.00000000
0.41624180 0.49052900 0.76558740 0.00000000
-0.30774330 1.52068000 0.18490450 1.00000000

0.99607160 -0.08855277 0.00000003 0.00000000
0.08855277 0.99607150 0.00000000 0.00000000
-0.00000003 0.00000000 1.00000000 0.00000000
-0.15045200 0.92814790 0.11264840 1.00000000

1.00000000 0.00000000 0.00000000 0.00000000
0.00000000 1.00000000 0.00000000 0.00000000
0.00000000 0.00000000 1.00000000 0.00000000
0.00000000 0.00000000 0.00000000 1.00000000

1.00000000 0.00000000 0.00000000 0.00000000
0.00000000 1.00000000 0.00000000 0.00000000
0.00000000 0.00000000 1.00000000 0.00000000
0.00000000 0.00000000 0.00000000 1.00000000

0.77336880 0.00217374 -0.63395260 0.00000000
-0.02740288 0.99917410 -0.03000318 0.00000000
0.63336380 0.04057565 0.77278970 0.00000000
0.00778673 0.88276350 0.05300015 1.00000000

0.94350160 0.16362790 0.28815050 0.00000000
0.24635960 -0.92793120 -0.27973350 0.00000000
0.22161150 0.33491760 -0.91581590 0.00000000
0.10772130 0.85178320 -0.03423879 1.00000000

0.94350160 0.16362790 0.28815050 0.00000000
0.14830300 -0.98614010 0.07439157 0.00000000
0.29632910 -0.02745498 -0.95469130 0.00000000
0.21620680 0.44316470 -0.15742060 1.00000000

0.99133820 0.06219457 -0.11567350 0.00000000
0.06190518 -0.99806350 -0.00609647 0.00000000
-0.11582880 -0.00111712 -0.99326880 0.00000000
0.26350980 0.12862370 -0.13369250 1.00000000

0.99135780 0.06060540 -0.11634660 0.00000000
0.06517102 -0.99723030 0.03584305 0.00000000
-0.11385210 -0.04311571 -0.99256180 0.00000000
0.25408890 0.02448219 -0.27042470 1.00000000

0.57249160 -0.22726330 -0.78778470 0.00000000
0.24087680 0.96503740 -0.10335020 0.00000000
0.78372940 -0.13059190 0.60721820 0.00000000
-0.09725885 0.85120660 0.13378920 1.00000000

0.57249030 -0.22726840 -0.78778420 0.00000000
-0.11172530 0.93023070 -0.34955470 0.00000000
0.81226370 0.28813200 0.50715630 0.00000000
-0.20332980 0.42624900 0.17929990 1.00000000

0.44444990 -0.10258860 -0.88991000 0.00000000
0.05974342 0.99460360 -0.08481979 0.00000000
0.89380930 -0.01546811 0.44818040 0.00000000
-0.16769390 0.12954060 0.29079470 1.00000000

0.43524180 -0.10347000 -0.89434810 0.00000000
-0.03891376 0.99028370 -0.13350680 0.00000000
0.89947220 0.09291015 0.42698640 0.00000000
-0.29638740 0.02803224 0.23822240 1.00000000

0.78305980 -0.00823935 -0.62189170 0.00000000
-0.00805489 0.99969400 -0.02338717 0.00000000
0.62189410 0.02332282 0.78275390 0.00000000
0.00599233 1.01918100 0.05127890 1.00000000

0.81007530 -0.03037758 -0.58553810 0.00000000
-0.05040520 0.99135170 -0.12116520 0.00000000
0.58415510 0.12766710 0.80153850 0.00000000
0.00460262 1.19165700 0.04724390 1.00000000

0.83777830 -0.04079223 -0.54448460 0.00000000
-0.19917490 0.90565900 -0.37431410 0.00000000
0.50838660 0.42204000 0.75061670 0.00000000
0.00151726 1.37903900 0.03325408 1.00000000

-0.09205672 0.91045330 -0.40323750 0.00000000
0.89413890 -0.10263800 -0.43586810 0.00000000
-0.43822520 -0.40067500 -0.80462330 0.00000000
0.04012411 1.46775200 -0.03023410 1.00000000

0.58431200 0.23046080 -0.77811780 0.00000000
0.52471820 -0.83872970 0.14561380 0.00000000
-0.61907230 -0.49337640 -0.61100700 0.00000000
0.24032130 1.44477200 -0.12782470 1.00000000

0.59536000 0.20610320 -0.77657440 0.00000000
0.09829264 -0.97796260 -0.18419580 0.00000000
-0.79742410 0.03333129 -0.60249820 0.00000000
0.39719360 1.19402200 -0.08429186 1.00000000

0.56968880 0.24101820 -0.78572580 0.00000000
-0.23639760 -0.86757590 -0.43752520 0.00000000
-0.78712830 0.43499680 -0.43727210 0.00000000
0.42188210 0.94838290 -0.13055710 1.00000000

-0.51998380 -0.08670364 0.84976430 0.00000000
-0.78712830 0.43499680 -0.43727210 0.00000000
-0.33173160 -0.89624790 -0.29443830 0.00000000
0.37047730 0.92695420 -0.16225260 1.00000000

-0.40738150 -0.86410460 -0.29557390 0.00000000
-0.50449490 -0.05685286 0.86154080 0.00000000
-0.76126550 0.50009140 -0.41277570 0.00000000
0.33286900 0.85936090 -0.21647040 1.00000000

-0.43396080 0.08380178 0.89702590 0.00000000
0.47946860 0.86443560 0.15119930 0.00000000
-0.76275040 0.49571020 -0.41531160 0.00000000
0.30513890 0.85623590 -0.16911490 1.00000000

-0.32428120 -0.89488210 -0.30664010 0.00000000
-0.52629430 -0.09868067 0.84455700 0.00000000
-0.78603830 0.43525680 -0.43897100 0.00000000
0.36863400 0.83878280 -0.19902030 1.00000000

-0.45569850 0.07892981 0.88662820 0.00000000
0.41781600 0.89848230 0.13475900 0.00000000
-0.78598280 0.43185650 -0.44241500 0.00000000
0.33895520 0.83403530 -0.15066800 1.00000000

-0.34431080 -0.91090350 -0.22738690 0.00000000
-0.50479380 -0.02459490 0.86288930 0.00000000
-0.79160170 0.41188580 -0.45135040 0.00000000
0.39977610 0.81959960 -0.17649110 1.00000000

-0.45943150 0.08578666 0.88406050 0.00000000
0.40285180 0.90718850 0.12132460 0.00000000
-0.79160170 0.41188580 -0.45135040 0.00000000
0.37248440 0.81826990 -0.12983900 1.00000000

-0.34603630 -0.90887340 -0.23282640 0.00000000
-0.50559800 -0.02839907 0.86230170 0.00000000
-0.79033520 0.41610430 -0.44969760 0.00000000
0.42525800 0.80474310 -0.15645940 1.00000000

-0.41489130 0.18521210 0.89082080 0.00000000
0.44962600 0.89290070 0.02376468 0.00000000
-0.79101310 0.41039610 -0.45373300 0.00000000
0.40037860 0.80406900 -0.11341590 1.00000000

-0.58832770 0.60458050 -0.53698520 0.00000000
-0.72746880 -0.68568410 0.02502578 0.00000000
-0.35307200 0.40536360 0.84322040 0.00000000
0.32481780 0.92254540 -0.16935440 1.00000000

-0.98127620 -0.08808852 -0.17128220 0.00000000
0.01112503 -0.91372360 0.40618380 0.00000000
-0.19228470 0.39667300 0.89759520 0.00000000
0.28048220 0.88276700 -0.16879570 1.00000000

0.57840520 0.20676050 -0.78911170 0.00000000
0.09829264 -0.97796260 -0.18419580 0.00000000
-0.80980630 0.02897599 -0.58598170 0.00000000
0.40846170 1.08191000 -0.10540770 1.00000000

0.76489100 0.40041190 -0.50459110 0.00000000
0.53009960 -0.83631270 0.13991260 0.00000000
-0.36597340 -0.37450140 -0.85194640 0.00000000
0.24032130 1.44477200 -0.12782470 1.00000000

0.63189770 0.26913640 -0.72682240 0.00000000
0.52471820 -0.83872970 0.14561380 0.00000000
-0.57041760 -0.47338990 -0.67121230 0.00000000
0.34001770 1.28541300 -0.10015800 1.00000000

0.43903820 0.51988440 -0.73277940 0.00000000
0.71837350 -0.69295840 -0.06122547 0.00000000
-0.53961580 -0.49952900 -0.67770640 0.00000000
0.28454170 1.49009400 -0.19401880 1.00000000

0.95592960 0.26691900 -0.12228150 0.00000000
-0.28318850 0.72835330 -0.62394380 0.00000000
-0.07747832 0.63107500 0.77184280 0.00000000
-0.03517406 1.54204800 -0.03541400 1.00000000

0.99315160 0.10626290 0.04856017 0.00000000
-0.09083919 0.96371020 -0.25101950 0.00000000
-0.07347187 0.24488940 0.96676330 0.00000000
-0.06950739 1.63035200 -0.11105990 1.00000000

0.99315160 0.10626290 0.04856017 0.00000000
-0.09083919 0.96371020 -0.25101950 0.00000000
-0.07347187 0.24488940 0.96676330 0.00000000
-0.06573964 1.65404800 -0.23997180 1.00000000

0.96987660 -0.20820660 0.12644910 0.00000000
-0.24015650 -0.90419530 0.35320840 0.00000000
0.04079425 -0.37293620 -0.92696010 0.00000000
-0.01478986 1.65598400 -0.21310510 1.00000000

0.93816330 0.34580910 -0.01629788 0.00000000
-0.32842620 0.87414160 -0.35778840 0.00000000
-0.10947960 0.34101670 0.93366060 0.00000000
-0.11944350 1.64288000 -0.21679270 1.00000000

0.99315150 0.10626280 0.04856011 0.00000000
0.09083919 -0.96371020 0.25101950 0.00000000
0.07347178 -0.24488940 -0.96676330 0.00000000
-0.03191710 1.67376500 -0.20981940 1.00000000

0.99315160 0.10626290 0.04856017 0.00000000
-0.09083919 0.96371020 -0.25101950 0.00000000
-0.07347187 0.24488940 0.96676330 0.00000000
-0.10570860 1.66586900 -0.21342720 1.00000000

0.96844630 0.24147220 -0.06167009 0.00000000
0.24918900 -0.93412730 0.25556020 0.00000000
0.00410271 -0.26286390 -0.96482420 0.00000000
-0.04905655 1.66906000 -0.24927280 1.00000000

0.97558350 0.21883020 0.01871079 0.00000000
-0.20697500 0.94453310 -0.25498790 0.00000000
-0.07347187 0.24488940 0.96676330 0.00000000
-0.08078003 1.66716400 -0.25229470 1.00000000

0.97145940 0.12105910 0.20398860 0.00000000
0.11424170 -0.99243720 0.04491612 0.00000000
0.20788310 -0.02033019 -0.97794260 0.00000000
-0.00246649 1.69449100 -0.23197910 1.00000000

0.99419080 0.09575288 -0.04915074 0.00000000
-0.10113070 0.98735170 -0.12210330 0.00000000
0.03683761 0.12636460 0.99129960 0.00000000
-0.13665940 1.68109700 -0.23987490 1.00000000

0.97654840 0.21437440 0.01991272 0.00000000
0.20221520 -0.94502780 0.25696600 0.00000000
0.07390499 -0.24691320 -0.96621540 0.00000000
-0.03193273 1.67398200 -0.20997360 1.00000000

0.99705780 -0.00320724 0.07658669 0.00000000
0.02479376 0.95890970 -0.28262600 0.00000000
-0.07253316 0.28369340 0.95616790 0.00000000
-0.10570630 1.66586100 -0.21345770 1.00000000

0.98252030 0.17027620 0.07523337 0.00000000
-0.14864300 0.96090430 -0.23359900 0.00000000
-0.11206820 0.21833290 0.96941800 0.00000000
-0.06826580 1.63714800 -0.15132370 1.00000000

0.91212010 0.39922720 0.09302941 0.00000000
0.38849740 -0.91430080 0.11455930 0.00000000
0.13079190 -0.06835012 -0.98905110 0.00000000
-0.02882913 1.59056000 -0.24078210 1.00000000

0.98219860 0.17234060 0.07473129 0.00000000
-0.16340550 0.98011010 -0.11261790 0.00000000
-0.09265324 0.09840159 0.99082420 0.00000000
-0.05549914 1.60273100 -0.25152720 1.00000000

0.99718090 -0.07391190 -0.01293302 0.00000000
0.07264557 0.99412840 -0.08019615 0.00000000
0.01878464 0.07903048 0.99669530 0.00000000
-0.08259568 1.58310500 -0.24204980 1.00000000

0.99401840 0.01073795 0.10868240 0.00000000
-0.02458352 -0.94761440 0.31846930 0.00000000
0.10640850 -0.31923630 -0.94168230 0.00000000
-0.00784163 1.59931200 -0.20976420 1.00000000

0.95145370 0.30693140 -0.02299803 0.00000000
-0.29703870 0.89606880 -0.32989170 0.00000000
-0.08064613 0.32070800 0.94373870 0.00000000
-0.11588400 1.58308600 -0.21204720 1.00000000

0.98144010 0.14072530 0.13027590 0.00000000
0.07126400 -0.89832610 0.43351070 0.00000000
0.17803600 -0.41618080 -0.89168200 0.00000000
-0.03393032 1.61301700 -0.23459030 1.00000000

0.99000120 0.13494510 0.04107806 0.00000000
-0.10425880 0.89616500 -0.43129850 0.00000000
-0.09501415 0.42270340 0.90127370 0.00000000
-0.05964874 1.61235700 -0.24161330 1.00000000

0.98692960 0.15277120 -0.05129421 0.00000000
-0.15872500 0.86646880 -0.47332700 0.00000000
-0.02786586 0.47528200 0.87939230 0.00000000
-0.08732978 1.60794200 -0.23613590 1.00000000

0.99311440 0.10665760 0.04845741 0.00000000
0.08082695 -0.92324690 0.37560900 0.00000000
0.08479938 -0.36910600 -0.92551060 0.00000000
-0.04509076 1.63852400 -0.23667850 1.00000000

0.99311440 0.10665760 0.04845741 0.00000000
-0.08082694 0.92324700 -0.37560890 0.00000000
-0.08479944 0.36910590 0.92551080 0.00000000
-0.06231397 1.62788900 -0.25278750 1.00000000

0.99311440 0.10665760 0.04845741 0.00000000
-0.08082694 0.92324700 -0.37560890 0.00000000
-0.08479944 0.36910590 0.92551080 0.00000000
-0.08291114 1.63427000 -0.23847530 1.00000000

0.99315160 0.10626290 0.04856017 0.00000000
-0.09086959 0.96381160 -0.25061920 0.00000000
-0.07343420 0.24449030 0.96686710 0.00000000
-0.07647859 1.72074900 -0.16630210 1.00000000

0.25839810 -0.92247520 0.28682710 0.00000000
0.79020760 0.03104147 -0.61205250 0.00000000
0.55569980 0.38480620 0.73696820 0.00000000
-0.06592644 1.47291200 0.03869287 1.00000000

0.04636151 -0.23842090 -0.97005470 0.00000000
0.51062260 0.84029500 -0.18212440 0.00000000
0.85855410 -0.48688830 0.16070050 0.00000000
-0.24285360 1.46597000 0.17572640 1.00000000

0.10368980 -0.17417180 -0.97924090 0.00000000
0.74158810 -0.64255030 0.19281200 0.00000000
-0.66279380 -0.74618580 0.06253779 0.00000000
-0.39551380 1.21474800 0.23017360 1.00000000

0.31559400 -0.01356333 -0.94879740 0.00000000
0.48092240 -0.85967530 0.17225630 0.00000000
-0.81799390 -0.51066090 -0.26478550 0.00000000
-0.58178170 1.37613900 0.18174500 1.00000000

-0.35760630 0.09089816 0.92943820 0.00000000
-0.81799390 -0.51066090 -0.26478550 0.00000000
0.45055930 -0.85496380 0.25696980 0.00000000
-0.59172800 1.48104500 0.12472470 1.00000000

0.40478100 -0.19327520 -0.89375460 0.00000000
0.25018320 -0.91670480 0.31154600 0.00000000
-0.87952320 -0.34971010 -0.32271040 0.00000000
-0.58928430 1.52806400 0.17216450 1.00000000

0.31211600 -0.94594170 0.08819319 0.00000000
-0.38647440 -0.04161685 0.92136070 0.00000000
-0.86788310 -0.32165570 -0.37857160 0.00000000
-0.60303580 1.57845200 0.15503970 1.00000000

0.58609720 -0.80943690 0.03608736 0.00000000
-0.28827240 -0.16669360 0.94292760 0.00000000
-0.75722470 -0.56305000 -0.33103700 0.00000000
-0.62726200 1.50676000 0.16163330 1.00000000

-0.24223320 -0.23211780 0.94204260 0.00000000
-0.61048820 0.79111580 0.03795096 0.00000000
-0.75407400 -0.56591280 -0.33333960 0.00000000
-0.61026490 1.51549700 0.10800390 1.00000000

0.49326290 -0.85256050 0.17272110 0.00000000
-0.41823860 -0.05833783 0.90646210 0.00000000
-0.76273740 -0.51936260 -0.38534970 0.00000000
-0.66047400 1.48439200 0.14607380 1.00000000

-0.25368430 -0.29464370 0.92131950 0.00000000
-0.68612340 0.72619460 0.04331812 0.00000000
-0.68182050 -0.62114950 -0.38638620 0.00000000
-0.63786190 1.48754700 0.09706593 1.00000000

0.50891340 -0.85017200 0.13496120 0.00000000
-0.49725060 -0.16235870 0.85228010 0.00000000
-0.70267280 -0.50084630 -0.50537530 0.00000000
-0.68690340 1.46468000 0.13250250 1.00000000

-0.35441850 -0.31559600 0.88021980 0.00000000
-0.76952020 0.63323150 -0.08280554 0.00000000
-0.53124980 -0.70669450 -0.46728630 0.00000000
-0.66175690 1.47208400 0.09025335 1.00000000

-0.80937780 0.30792710 -0.50008860 0.00000000
-0.57517330 -0.24355240 0.78093400 0.00000000
0.11867300 0.91970820 0.37423740 0.00000000
-0.53811020 1.46616700 0.16910930 1.00000000

-0.57671580 0.19090630 0.79432590 0.00000000
0.49199840 -0.69504740 0.52425860 0.00000000
0.65217830 0.69315490 0.30691930 0.00000000
-0.50612410 1.48134800 0.12852590 1.00000000

0.19595610 -0.06740008 -0.97829360 0.00000000
0.74158810 -0.64255030 0.19281200 0.00000000
-0.64159830 -0.76327350 -0.07592851 0.00000000
-0.48053140 1.28841000 0.20806740 1.00000000

0.84232010 -0.51336740 -0.16416630 0.00000000
0.48475220 0.85472790 -0.18562260 0.00000000
0.23561010 0.07677364 0.96881050 0.00000000
-0.24285370 1.46597000 0.17572640 1.00000000

0.68749130 -0.52623210 -0.50043540 0.00000000
0.51062260 0.84029500 -0.18212440 0.00000000
0.51635310 -0.13032470 0.84640140 0.00000000
-0.33987190 1.30631400 0.21032800 1.00000000

0.81362150 -0.57879230 -0.05495134 0.00000000
0.41785410 0.64785800 -0.63692860 0.00000000
0.40424990 0.49525710 0.76896180 0.00000000
-0.31846560 1.51686800 0.18482950 1.00000000

0.99575710 -0.09202110 0.00000328 0.00000000
0.09202110 0.99575700 0.00000145 0.00000000
-0.00000331 -0.00000114 1.00000000 0.00000000
-0.15564600 0.92639640 0.11405690 1.00000000

1.00000000 0.00000000 0.00000000 0.00000000
0.00000000 1.00000000 0.00000000 0.00000000
0.00000000 0.00000000 1.00000000 0.00000000
0.00000000 0.00000000 0.00000000 1.00000000

1.00000000 0.00000000 0.00000000 0.00000000
0.00000000 1.00000000 0.00000000 0.00000000
0.00000000 0.00000000 1.00000000 0.00000000
0.00000000 0.00000000 0.00000000 1.00000000

0.77495320 0.01410251 -0.63186130 0.00000000
-0.03580584 0.99912500 -0.02161500 0.00000000
0.63100360 0.03937493 0.77478010 0.00000000
0.00329305 0.88318010 0.05728606 1.00000000

0.94195580 0.16553420 0.29209210 0.00000000
0.24611880 -0.93219380 -0.26540640 0.00000000
0.22835240 0.32189050 -0.91882630 0.00000000
0.10371140 0.85378870 -0.02994712 1.00000000

0.94195580 0.16553420 0.29209210 0.00000000
0.16045810 -0.98617300 0.04142849 0.00000000
0.29491100 0.00784468 -0.95549260 0.00000000
0.21209090 0.44329320 -0.14682000 1.00000000

0.99136650 0.06191634 -0.11558100 0.00000000
0.06162100 -0.99808100 -0.00613033 0.00000000
-0.11573880 -0.00104484 -0.99327920 0.00000000
0.26327090 0.12874170 -0.13360590 1.00000000

0.99171880 0.05808471 -0.11454250 0.00000000
0.06314800 -0.99715850 0.04107982 0.00000000
-0.11183100 -0.04797273 -0.99256890 0.00000000
0.25383270 0.02460837 -0.27034300 1.00000000

0.57735120 -0.22005860 -0.78628220 0.00000000
0.24284490 0.96569690 -0.09195565 0.00000000
0.77954600 -0.13785400 0.61098650 0.00000000
-0.10168870 0.85005030 0.13752660 1.00000000

0.57734980 -0.22006400 -0.78628180 0.00000000
-0.12879230 0.92639320 -0.35384770 0.00000000
0.80627520 0.30556100 0.50651040 0.00000000
-0.20862630 0.42480230 0.17801960 1.00000000

0.44485190 -0.10284820 -0.88967930 0.00000000
0.05947113 0.99458410 -0.08523899 0.00000000
0.89362750 -0.01499152 0.44855900 0.00000000
-0.16754670 0.12931790 0.29088380 1.00000000

0.43552350 -0.10401940 -0.89414730 0.00000000
-0.03896262 0.99019210 -0.13417070 0.00000000
0.89933370 0.09327275 0.42719900 0.00000000
-0.29618690 0.02774626 0.23830330 1.00000000

0.78524550 -0.00512949 -0.61916340 0.00000000
-0.01369337 0.99957730 -0.02564747 0.00000000
0.61903320 0.02861799 0.78484330 0.00000000
0.00034519 1.01958700 0.05671510 1.00000000

0.81390550 -0.02676037 -0.58038060 0.00000000
-0.05683426 0.99048050 -0.12537180 0.00000000
0.57821080 0.13502630 0.80463670 0.00000000
-0.00201733 1.19204300 0.05229011 1.00000000

0.84312830 -0.03658573 -0.53646630 0.00000000
-0.20347560 0.90178520 -0.38128870 0.00000000
0.49772710 0.43063310 0.75287630 0.00000000
-0.00637369 1.37934200 0.03754489 1.00000000

-0.09159318 0.90758570 -0.40975480 0.00000000
0.90004170 -0.10060900 -0.42403160 0.00000000
-0.42607000 -0.40763480 -0.80764990 0.00000000
0.03205679 1.46802900 -0.02608700 1.00000000

0.58477820 0.24410350 -0.77359410 0.00000000
0.52933630 -0.83745990 0.13588200 0.00000000
-0.61468480 -0.48895240 -0.61894120 0.00000000
0.23357560 1.44550300 -0.12102740 1.00000000

0.59596690 0.21979310 -0.77234350 0.00000000
0.09725866 -0.97448810 -0.20227130 0.00000000
-0.79709740 0.04542993 -0.60213950 0.00000000
0.39182850 1.19513200 -0.08040401 1.00000000

0.56867890 0.25618440 -0.78164830 0.00000000
-0.24551100 -0.85408540 -0.45854400 0.00000000
-0.78506620 0.45266760 -0.42280420 0.00000000
0.41625740 0.95036600 -0.13120930 1.00000000

-0.51740680 -0.10398200 0.84939870 0.00000000
-0.78506610 0.45266770 -0.42280410 0.00000000
-0.34053130 -0.88559590 -0.31584610 0.00000000
0.36454850 0.93018950 -0.16323040 1.00000000

-0.41590710 -0.85279510 -0.31585120 0.00000000
-0.50161730 -0.07457381 0.86186930 0.00000000
-0.75855230 0.51689400 -0.39676100 0.00000000
0.32615290 0.86432400 -0.21900050 1.00000000

-0.42974460 0.06452675 0.90064200 0.00000000
0.48743380 0.85620450 0.17123790 0.00000000
-0.76008430 0.51259180 -0.39940180 0.00000000
0.29858090 0.86022500 -0.17162690 1.00000000

-0.33311670 -0.88398180 -0.32803930 0.00000000
-0.52383970 -0.11576830 0.84391350 0.00000000
-0.78398050 0.45296150 -0.42450020 0.00000000
0.36180790 0.84300510 -0.20222770 1.00000000

-0.45156340 0.06010606 0.89021250 0.00000000
0.42601140 0.89118030 0.15592430 0.00000000
-0.78396750 0.44965010 -0.42803010 0.00000000
0.33227720 0.83727510 -0.15389100 1.00000000

-0.35297520 -0.90185270 -0.24913930 0.00000000
-0.50163490 -0.04235953 0.86404170 0.00000000
-0.78979170 0.42996220 -0.43744890 0.00000000
0.39287170 0.82298990 -0.18032290 1.00000000

-0.45524750 0.06705757 0.88783600 0.00000000
0.41107030 0.90035330 0.14277790 0.00000000
-0.78979170 0.42996220 -0.43744890 0.00000000
0.36575090 0.82069950 -0.13360850 1.00000000

-0.35470430 -0.89966960 -0.25451810 0.00000000
-0.50247380 -0.04614051 0.86336040 0.00000000
-0.78848280 0.43412630 -0.43569420 0.00000000
0.41830300 0.80741130 -0.16078130 1.00000000

-0.40983190 0.16589760 0.89694800 0.00000000
0.45734180 0.88816710 0.04469441 0.00000000
-0.78922510 0.42852910 -0.43987100 0.00000000
0.39358590 0.80584840 -0.11766760 1.00000000

-0.58520930 0.62305560 -0.51897200 0.00000000
-0.73320910 -0.67992210 0.01050451 0.00000000
-0.34631560 0.38666240 0.85472670 0.00000000
0.31882560 0.92635000 -0.17025520 1.00000000

-0.98265140 -0.07538112 -0.16945260 0.00000000
0.00487842 -0.92386320 0.38269190 0.00000000
-0.18539880 0.37522590 0.90820290 0.00000000
0.27415360 0.88694670 -0.17053000 1.00000000

0.57746960 0.22078020 -0.78599310 0.00000000
0.09725866 -0.97448810 -0.20227130 0.00000000
-0.81059830 0.04036091 -0.58420990 0.00000000
0.40297810 1.08341900 -0.10359200 1.00000000

0.75590590 0.40366370 -0.51542450 0.00000000
0.53462280 -0.83501590 0.13010410 0.00000000
-0.37786920 -0.37390410 -0.84700110 0.00000000
0.23357560 1.44550300 -0.12102740 1.00000000

0.62577250 0.27723850 -0.72907330 0.00000000
0.52933630 -0.83745990 0.13588200 0.00000000
-0.57289800 -0.47095620 -0.67081180 0.00000000
0.33414940 1.28638500 -0.09520979 1.00000000

0.44555960 0.51781720 -0.73030280 0.00000000
0.72257780 -0.68961290 -0.04811960 0.00000000
-0.52854340 -0.50626050 -0.68142680 0.00000000
0.27839290 1.49066200 -0.18693090 1.00000000

0.95405960 0.27828230 -0.11103760 0.00000000
-0.28393610 0.72142560 -0.63160550 0.00000000
-0.09565935 0.63411680 0.76729730 0.00000000
-0.04382697 1.54163900 -0.03238626 1.00000000

0.99110140 0.11971970 0.05818325 0.00000000
-0.10131870 0.96199840 -0.25356210 0.00000000
-0.08632860 0.24541070 0.96556760 0.00000000
-0.07825094 1.62910400 -0.10896110 1.00000000

0.99110140 0.11971970 0.05818325 0.00000000
-0.10131870 0.96199840 -0.25356210 0.00000000
-0.08632860 0.24541070 0.96556760 0.00000000
-0.07352675 1.65264300 -0.23787000 1.00000000

0.97129310 -0.19491100 0.13637940 0.00000000
-0.23144370 -0.90678910 0.35237440 0.00000000
0.05498579 -0.37382310 -0.92586900 0.00000000
-0.02287610 1.65530900 -0.21050490 1.00000000

0.93353720 0.35839950 -0.00762674 0.00000000
-0.33660950 0.86906560 -0.36251790 0.00000000
-0.12329810 0.34099110 0.93194560 0.00000000
-0.12730220 1.64079000 -0.21520330 1.00000000

0.99110130 0.11971960 0.05818319 0.00000000
0.10131870 -0.96199840 0.25356210 0.00000000
0.08632854 -0.24541070 -0.96556760 0.00000000
-0.04027289 1.67286200 -0.20741910 1.00000000

0.99110140 0.11971970 0.05818325 0.00000000
-0.10131870 0.96199840 -0.25356210 0.00000000
-0.08632860 0.24541070 0.96556760 0.00000000
-0.11391210 1.66396600 -0.21174190 1.00000000

0.96566990 0.25440840 -0.05251807 0.00000000
0.25920310 -0.93027620 0.25961550 0.00000000
0.01719221 -0.26431580 -0.96428300 0.00000000
-0.05695609 1.66786400 -0.24703160 1.00000000

0.97231550 0.23199240 0.02796832 0.00000000
-0.21714080 0.94125080 -0.25864420 0.00000000
-0.08632860 0.24541070 0.96556760 0.00000000
-0.08861970 1.66553600 -0.25036340 1.00000000

0.96767450 0.13446880 0.21336420 0.00000000
0.12714480 -0.99073440 0.04774959 0.00000000
0.21780810 -0.01907798 -0.97580540 0.00000000
-0.01088612 1.69394800 -0.22932240 1.00000000

0.99324930 0.10906960 -0.03949437 0.00000000
-0.11320320 0.98570350 -0.12479460 0.00000000
0.02531859 0.12842310 0.99139620 0.00000000
-0.14480180 1.67873300 -0.23852010 1.00000000

0.97332830 0.22755200 0.02918738 0.00000000
0.21236870 -0.94180670 0.26057610 0.00000000
0.08678350 -0.24742760 -0.96501210 0.00000000
-0.04028995 1.67307800 -0.20757370 1.00000000

0.99620370 0.01035675 0.08643538 0.00000000
0.01467563 0.95870700 -0.28401670 0.00000000
-0.08580774 0.28420690 0.95491550 0.00000000
-0.11390940 1.66395900 -0.21177240 1.00000000

0.97934560 0.18362610 0.08464000 0.00000000
-0.15924900 0.95844100 -0.23670840 0.00000000
-0.12458840 0.21834050 0.96788700 0.00000000
-0.07670248 1.63585100 -0.14922230 1.00000000

0.90569630 0.41163520 0.10134600 0.00000000
0.39962070 -0.90879700 0.11996330 0.00000000
0.14148420 -0.06815036 -0.98759200 0.00000000
-0.03575849 1.58965800 -0.23820650 1.00000000

0.97900100 0.18568510 0.08413142 0.00000000
-0.17546560 0.97763810 -0.11591220 0.00000000
-0.10377300 0.09871610 0.98969010 0.00000000
-0.06248230 1.60145000 -0.24923550 1.00000000

0.99816500 -0.06048185 -0.00295705 0.00000000
0.06004280 0.99488900 -0.08118496 0.00000000
0.00785208 0.08085847 0.99669470 0.00000000
-0.08940464 1.58147600 -0.23999240 1.00000000

0.99265920 0.02431065 0.11847540 0.00000000
-0.01497236 -0.94735310 0.31984090 0.00000000
0.12001370 -0.31926690 -0.94003490 0.00000000
-0.01519880 1.59874100 -0.20699800 1.00000000

0.94741560 0.31969400 -0.01412827 0.00000000
-0.30579790 0.89145800 -0.33435030 0.00000000
-0.09429491 0.32108910 0.94234280 0.00000000
-0.12298500 1.58105600 -0.21032000 1.00000000

0.97811840 0.15415080 0.13971970 0.00000000
0.07905939 -0.89659460 0.43573830 0.00000000
0.19244140 -0.41515760 -0.88916290 0.00000000
-0.04122265 1.61205400 -0.23210400 1.00000000

0.98763930 0.14834500 0.05062115 0.00000000
-0.11204240 0.89399230 -0.43384840 0.00000000
-0.10961410 0.42281400 0.89956270 0.00000000
-0.06685907 1.61103500 -0.23937960 1.00000000

0.98524250 0.16598140 -0.04180726 0.00000000
-0.16568510 0.86349790 -0.47636140 0.00000000
-0.04296660 0.47625820 0.87825520 0.00000000
-0.09453099 1.60625700 -0.23416820 1.00000000

0.99105980 0.12011370 0.05807948 0.00000000
0.08952969 -0.92147610 0.37797660 0.00000000
0.09891888 -0.36939770 -0.92399160 0.00000000
-0.05270431 1.63740400 -0.23434630 1.00000000

0.99105980 0.12011370 0.05807948 0.00000000
-0.08952972 0.92147620 -0.37797660 0.00000000
-0.09891894 0.36939760 0.92399160 0.00000000
-0.06962249 1.62651300 -0.25060630 1.00000000

0.99105980 0.12011370 0.05807948 0.00000000
-0.08952972 0.92147620 -0.37797660 0.00000000
-0.09891894 0.36939760 0.92399160 0.00000000
-0.09044436 1.63263800 -0.23650920 1.00000000

0.99110140 0.11971970 0.05818325 0.00000000
-0.10135440 0.96209990 -0.25316210 0.00000000
-0.08628669 0.24501230 0.96567270 0.00000000
-0.08589161 1.71931100 -0.16442490 1.00000000

0.27006240 -0.91853490 0.28872100 0.00000000
0.79273620 0.04192625 -0.60812140 0.00000000
0.54647580 0.39311020 0.73947860 0.00000000
-0.07467100 1.47265600 0.04182499 1.00000000

0.05038458 -0.24437780 -0.96837020 0.00000000
0.51137540 0.83917150 -0.18516610 0.00000000
0.85787920 -0.48587110 0.16725010 0.00000000
-0.25216440 1.46327700 0.17797830 1.00000000

0.10775080 -0.18018500 -0.97771320 0.00000000
0.75224410 -0.62821640 0.19867800 0.00000000
-0.65001430 -0.75688680 0.06785229 0.00000000
-0.40504970 1.21239100 0.23333490 1.00000000

0.31422690 -0.01497287 -0.94922970 0.00000000
0.49299630 -0.85191210 0.17663620 0.00000000
-0.81130520 -0.52347070 -0.26031220 0.00000000
-0.59399420 1.37018200 0.18343300 1.00000000

