MeshAnim
1
143
75
30
0.99392400 -0.04564263 -0.10015960 0.00000000
-0.00135447 0.90482990 -0.42577120 0.00000000
0.11006070 0.42331980 0.89927020 0.00000000
0.00587247 0.47922970 -0.08388802 1.00000000

0.99370910 -0.00394185 -0.11192300 0.00000000
-0.01692150 0.98262200 -0.18484490 0.00000000
0.11070660 0.18557600 0.97637370 0.00000000
0.00215283 0.54508910 -0.11433830 1.00000000

0.99271030 0.06476374 -0.10164540 0.00000000
-0.03949249 0.97159000 0.23335220 0.00000000
0.11387040 -0.22763700 0.96706520 0.00000000
0.00025247 0.64111080 -0.13253470 1.00000000

0.99977070 -0.00077712 -0.02139679 0.00000000
0.01105451 0.87457750 0.48475960 0.00000000
0.01833645 -0.48488500 0.87438570 0.00000000
-0.00452696 0.71210340 -0.11491970 1.00000000

0.99928250 -0.00604687 -0.03738503 0.00000000
0.02656933 0.81539320 0.57829740 0.00000000
0.02698662 -0.57887600 0.81496900 0.00000000
-0.00232511 0.87180780 -0.01783749 1.00000000

0.99955400 0.02612950 -0.01445813 0.00000000
-0.02315273 0.98386050 0.17743440 0.00000000
0.01886109 -0.17702050 0.98402640 0.00000000
-0.00044681 0.91464690 0.03427767 1.00000000

0.99955400 0.02612950 -0.01445813 0.00000000
-0.02551559 0.99882810 0.04112982 0.00000000
0.01551592 -0.04074248 0.99904910 0.00000000
-0.00354691 1.01498200 0.00128426 1.00000000

0.99629310 -0.08392185 -0.01889553 0.00000000
0.08523834 0.99269410 0.08539832 0.00000000
0.01159073 -0.08669227 0.99616770 0.00000000
-0.03191022 1.01002500 -0.11562530 1.00000000

0.99955400 0.02612950 -0.01445813 0.00000000
-0.02551559 0.99882810 0.04112982 0.00000000
0.01551592 -0.04074248 0.99904910 0.00000000
-0.00544145 1.01837300 -0.12356050 1.00000000

0.99135930 0.13078760 -0.01006279 0.00000000
0.13025330 -0.99057290 -0.04241979 0.00000000
-0.01551592 0.04074248 -0.99904910 0.00000000
0.02213133 1.01137000 -0.11619990 1.00000000

0.99955400 0.02612950 -0.01445813 0.00000000
0.02609238 -0.99965580 -0.00274977 0.00000000
-0.01452503 0.00237122 -0.99989160 0.00000000
0.04560600 0.99555240 -0.10023310 1.00000000

0.99955400 0.02612950 -0.01445813 0.00000000
-0.02609238 0.99965580 0.00274962 0.00000000
0.01452503 -0.00237113 0.99989180 0.00000000
-0.00548663 1.02136800 -0.12127120 1.00000000

0.99955400 0.02612950 -0.01445813 0.00000000
0.02609238 -0.99965580 -0.00274977 0.00000000
-0.01452503 0.00237122 -0.99989160 0.00000000
0.05113052 1.07851000 -0.03585689 1.00000000

0.99981950 0.00556044 -0.01816348 0.00000000
0.00551748 -0.99998210 -0.00241402 0.00000000
-0.01817662 0.00231336 -0.99983230 0.00000000
-0.00386902 1.10181900 -0.08537572 1.00000000

0.99955400 0.02612950 -0.01445813 0.00000000
0.02609238 -0.99965580 -0.00274977 0.00000000
-0.01452503 0.00237122 -0.99989160 0.00000000
0.02431290 1.01468400 -0.11570940 1.00000000

0.99697290 -0.05131705 0.05840714 0.00000000
-0.04086988 -0.98497590 -0.16778590 0.00000000
0.06613988 0.16489090 -0.98409160 0.00000000
0.07702670 1.11858200 -0.05026317 1.00000000

0.99955400 0.02612950 -0.01445813 0.00000000
-0.02625515 0.99961850 -0.00857003 0.00000000
0.01422871 0.00894589 0.99985870 0.00000000
-0.00639482 1.05476400 -0.12370790 1.00000000

0.99955400 0.02612950 -0.01445813 0.00000000
-0.02609238 0.99965580 0.00274962 0.00000000
0.01452503 -0.00237113 0.99989180 0.00000000
-0.05378368 0.99306360 -0.09940168 1.00000000

0.99955400 0.02612950 -0.01445813 0.00000000
-0.02609238 0.99965580 0.00274962 0.00000000
0.01452503 -0.00237113 0.99989180 0.00000000
-0.06251877 1.07553900 -0.03421304 1.00000000

0.99955400 0.02612950 -0.01445813 0.00000000
-0.02609238 0.99965580 0.00274962 0.00000000
0.01452503 -0.00237113 0.99989180 0.00000000
-0.03439071 1.01321200 -0.11520570 1.00000000

0.99911210 0.03069758 0.02885254 0.00000000
0.02750700 -0.99407840 0.10512820 0.00000000
0.03190885 -0.10424130 -0.99404010 0.00000000
0.05113052 1.07851000 -0.03585689 1.00000000

0.99940450 0.02951240 0.01787335 0.00000000
-0.02749554 0.99418160 -0.10414980 0.00000000
-0.02084304 0.10359640 0.99440100 0.00000000
-0.06251877 1.07553900 -0.03421304 1.00000000

0.99955400 0.02612950 -0.01445813 0.00000000
0.02625514 -0.99961860 0.00856991 0.00000000
-0.01422871 -0.00894574 -0.99985870 0.00000000
0.01857649 1.05789100 -0.09475199 1.00000000

0.99955400 0.02612950 -0.01445813 0.00000000
-0.02625515 0.99961850 -0.00857003 0.00000000
0.01422871 0.00894589 0.99985870 0.00000000
-0.03060029 1.05722700 -0.09392868 1.00000000

0.99955400 0.02612950 -0.01445813 0.00000000
0.02638903 -0.99948880 0.01806050 0.00000000
-0.01397885 -0.01843406 -0.99973260 0.00000000
0.08111753 1.04050000 -0.08147369 1.00000000

0.99955400 0.02612950 -0.01445813 0.00000000
-0.02638903 0.99948870 -0.01806059 0.00000000
0.01397885 0.01843412 0.99973230 0.00000000
-0.09178529 1.03598000 -0.07897275 1.00000000

0.99955400 0.02612950 -0.01445813 0.00000000
-0.02609238 0.99965580 0.00274962 0.00000000
0.01452503 -0.00237113 0.99989180 0.00000000
-0.00691846 1.09970300 -0.07867160 1.00000000

0.99595710 0.07027196 -0.05595708 0.00000000
-0.06453711 0.99305000 0.09842098 0.00000000
0.06248443 -0.09441172 0.99357040 0.00000000
-0.09086838 1.11410000 -0.04731298 1.00000000

0.99996450 0.00113877 -0.00834113 0.00000000
-0.00111927 0.99999680 0.00234203 0.00000000
0.00834380 -0.00233251 0.99996250 0.00000000
-0.01026616 1.10165200 -0.08528314 1.00000000

0.99955400 0.02612950 -0.01445813 0.00000000
-0.02315273 0.98386050 0.17743440 0.00000000
0.01886109 -0.17702050 0.98402640 0.00000000
-0.07085983 1.07522200 -0.07455184 1.00000000

0.00249098 0.92759600 0.37357680 0.00000000
0.98620360 -0.06411302 0.15261720 0.00000000
0.16551820 0.36804280 -0.91495830 0.00000000
0.03189275 0.83284380 -0.04259756 1.00000000

0.45290450 0.33862880 -0.82474730 0.00000000
0.65785010 -0.75129720 0.05278289 0.00000000
-0.60175630 -0.56646580 -0.56303260 0.00000000
0.32223110 0.81396900 0.00233295 1.00000000

0.45290670 0.33862300 -0.82474860 0.00000000
-0.64580600 -0.51316000 -0.56533290 0.00000000
-0.61466280 0.78867090 -0.01372872 0.00000000
0.50248230 0.60811380 0.01679494 1.00000000

0.72435030 0.48815740 -0.48684630 0.00000000
-0.64657280 0.23590170 -0.72546140 0.00000000
-0.23929150 0.84026980 0.48650460 0.00000000
0.39592430 0.52344240 -0.07648501 1.00000000

-0.60106970 -0.52170520 0.60542510 0.00000000
-0.23929150 0.84026980 0.48650460 0.00000000
-0.76253210 0.14755030 -0.62990020 0.00000000
0.39592430 0.52344240 -0.07648501 1.00000000

-0.24361800 0.40517180 -0.88118480 0.00000000
-0.82908650 -0.55844100 -0.02755839 0.00000000
-0.50325550 0.72386440 0.47196860 0.00000000
0.31823650 0.50693020 -0.17358360 1.00000000

-0.85663970 -0.35281430 -0.37641810 0.00000000
-0.10165430 -0.59988060 0.79360570 0.00000000
-0.50580130 0.71809880 0.47801640 0.00000000
0.29247950 0.48958120 -0.17443980 1.00000000

0.32106940 0.54648910 -0.77347560 0.00000000
-0.70536020 -0.40700380 -0.58035810 0.00000000
-0.63196650 0.73191410 0.25479520 0.00000000
0.31213510 0.53092070 -0.15920100 1.00000000

-0.65626740 -0.34325340 -0.67193040 0.00000000
-0.40171380 -0.59487510 0.69624000 0.00000000
-0.63870110 0.72684330 0.25250740 0.00000000
0.28422330 0.51481520 -0.18216630 1.00000000

0.63210360 0.74592710 -0.20985260 0.00000000
-0.35352980 0.03662162 -0.93470630 0.00000000
-0.68953750 0.66502030 0.28685610 0.00000000
0.30532390 0.55433580 -0.14467350 1.00000000

-0.22510040 0.11909760 -0.96702950 0.00000000
-0.66098300 -0.74785570 0.06175604 0.00000000
-0.71584310 0.65309130 0.24706410 0.00000000
0.29173210 0.55574360 -0.18060930 1.00000000

0.87063530 0.47476790 0.12880040 0.00000000
0.06892938 0.14150610 -0.98753500 0.00000000
-0.48707580 0.86866110 0.09047471 0.00000000
0.29077260 0.57543690 -0.12454800 1.00000000

0.79952380 0.48983680 -0.34759480 0.00000000
-0.35702090 -0.07780571 -0.93085060 0.00000000
-0.48300950 0.86833570 0.11267440 0.00000000
0.29340580 0.58084280 -0.16227420 1.00000000

0.32331420 0.15712460 0.93315610 0.00000000
-0.94483940 0.10821540 0.30914110 0.00000000
-0.05240799 -0.98163220 0.18344500 0.00000000
0.33097510 0.56749300 -0.07063940 1.00000000

0.78230240 -0.21823550 0.58341820 0.00000000
-0.52661140 0.26853380 0.80657940 0.00000000
-0.33269150 -0.93822360 0.09514947 0.00000000
0.29975580 0.57106860 -0.06042484 1.00000000

0.37794150 0.42850340 -0.82069810 0.00000000
-0.64580600 -0.51316000 -0.56533290 0.00000000
-0.66339640 0.74367470 0.08278560 0.00000000
0.44113070 0.55936350 -0.03691171 1.00000000

0.47145630 0.75403630 -0.45733840 0.00000000
0.83876530 -0.54357760 -0.03156489 0.00000000
-0.27239980 -0.36871790 -0.88873260 0.00000000
0.32226570 0.81433450 0.00211113 1.00000000

-0.01493573 -0.92758610 -0.37331040 0.00000000
0.97886950 0.06258538 -0.19467320 0.00000000
0.20393990 -0.36832980 0.90705120 0.00000000
-0.03763147 0.83289770 -0.04110960 1.00000000

0.46835490 -0.30475320 0.82931850 0.00000000
0.62953790 0.77369900 -0.07121517 0.00000000
-0.61994000 0.55544130 0.55421940 0.00000000
-0.32581030 0.81447290 0.01620223 1.00000000

0.46836380 -0.30473690 0.82931970 0.00000000
-0.67986430 0.47517550 0.55856320 0.00000000
-0.56428690 -0.82543530 0.01537544 0.00000000
-0.49830380 0.60247970 0.03571433 1.00000000

0.75261990 -0.48370900 0.44675400 0.00000000
-0.60051300 -0.22592560 0.76703440 0.00000000
-0.27008810 -0.84556680 -0.46050960 0.00000000
-0.38612600 0.52407520 -0.05644830 1.00000000

-0.66456680 0.40128010 -0.63033740 0.00000000
-0.18441870 -0.90555280 -0.38205190 0.00000000
-0.72411370 -0.13765290 0.67580390 0.00000000
-0.47432140 0.52432970 -0.01457436 1.00000000

-0.09190059 -0.41627730 0.90458140 0.00000000
-0.90849660 0.40695600 0.09497780 0.00000000
-0.40766170 -0.81308070 -0.41558600 0.00000000
-0.31464490 0.50624910 -0.15798030 1.00000000

-0.86939600 0.20956660 0.44747330 0.00000000
-0.27324300 0.55062960 -0.78876200 0.00000000
-0.41169010 -0.80801530 -0.42145260 0.00000000
-0.28641990 0.49360590 -0.16093100 1.00000000

0.42073010 -0.58539120 0.69303920 0.00000000
-0.71631620 0.25440120 0.64974700 0.00000000
-0.55666600 -0.76980330 -0.31229080 0.00000000
-0.30763160 0.53039820 -0.14429610 1.00000000

-0.65561990 0.18735250 0.73147890 0.00000000
-0.50227770 0.61511950 -0.60773770 0.00000000
-0.56380800 -0.76585040 -0.30918170 0.00000000
-0.27928630 0.52033140 -0.17000730 1.00000000

0.61073930 -0.77241910 0.17425940 0.00000000
-0.38773870 -0.09984922 0.91634550 0.00000000
-0.69040290 -0.62721500 -0.36047860 0.00000000
-0.29990210 0.55397180 -0.13050310 1.00000000

-0.26204930 -0.18714080 0.94673570 0.00000000
-0.64492350 0.76375070 -0.02753987 0.00000000
-0.71791620 -0.61778890 -0.32083180 0.00000000
-0.28499500 0.55781070 -0.16573350 1.00000000

0.85663280 -0.47113090 -0.21027570 0.00000000
0.14324500 -0.17435470 0.97420810 0.00000000
-0.49564200 -0.86465940 -0.08187078 0.00000000
-0.28410290 0.57528420 -0.11157730 1.00000000

0.82186390 -0.50196650 0.26938740 0.00000000
-0.28499410 0.04716734 0.95736800 0.00000000
-0.49327280 -0.86360000 -0.10429240 0.00000000
-0.28957550 0.58194520 -0.14879440 1.00000000

0.39005060 -0.14396160 -0.90947000 0.00000000
-0.91888190 0.00275325 -0.39452300 0.00000000
0.05929997 0.98957920 -0.13120980 0.00000000
-0.32088600 0.56806530 -0.05518229 1.00000000

0.84941480 0.16587780 -0.50097800 0.00000000
-0.47462060 -0.17490370 -0.86263780 0.00000000
-0.23071550 0.97051170 -0.06983677 0.00000000
-0.29052460 0.56797530 -0.04214654 1.00000000

0.38948520 -0.41139640 0.82404760 0.00000000
-0.67986430 0.47517550 0.55856320 0.00000000
-0.62135790 -0.77779260 -0.09461977 0.00000000
-0.43371650 0.55733750 -0.01734940 1.00000000

0.66892780 -0.58787160 0.45490940 0.00000000
0.59354310 0.79084850 0.14921580 0.00000000
-0.44748420 0.17019370 0.87794760 0.00000000
-0.32583440 0.81467970 0.01605427 1.00000000

0.60381000 0.03563407 0.79633150 0.00000000
-0.17466680 -0.96880810 0.17579120 0.00000000
0.77775650 -0.24523720 -0.57875190 0.00000000
0.15250000 0.42544690 -0.08593180 1.00000000

0.60381000 0.03563407 0.79633150 0.00000000
-0.48415520 -0.77722740 0.40188480 0.00000000
0.63325140 -0.62821000 -0.45204520 0.00000000
0.11407330 0.21230910 -0.04725773 1.00000000

0.88522800 0.11620200 0.45040930 0.00000000
0.10356640 -0.99322560 0.05269634 0.00000000
0.45348150 -0.00000096 -0.89126570 0.00000000
0.02949305 0.06833112 0.02331708 1.00000000

0.88808850 0.10815450 0.44676780 0.00000000
0.08946575 -0.99400870 0.06279118 0.00000000
0.45088240 -0.01579366 -0.89244380 0.00000000
0.07003794 0.02342975 -0.03923454 1.00000000

0.74735790 0.08649930 -0.65876700 0.00000000
-0.19084810 0.97765430 -0.08814259 0.00000000
0.63642220 0.19159850 0.74716590 0.00000000
-0.14248880 0.43899360 -0.05620528 1.00000000

0.74735790 0.08649920 -0.65876700 0.00000000
-0.40631420 0.84398680 -0.35013580 0.00000000
0.52570430 0.52934310 0.66590620 0.00000000
-0.10050220 0.22390960 -0.03681390 1.00000000

0.92320600 -0.11620400 -0.36631600 0.00000000
0.10801200 0.99322540 -0.04285777 0.00000000
0.36881460 0.00000005 0.92950300 0.00000000
-0.02949181 0.06832626 0.02331711 1.00000000

0.92018050 -0.09236458 -0.38044280 0.00000000
0.07717342 0.99549790 -0.05502879 0.00000000
0.38381280 0.02127639 0.92316590 0.00000000
-0.06405723 0.02342507 -0.04272721 1.00000000

1.00000000 0.00000000 0.00000000 0.00000000
0.00000000 1.00000000 0.00000000 0.00000000
0.00000000 0.00000000 1.00000000 0.00000000
0.00000000 0.00000000 0.00000000 1.00000000

1.00000000 0.00000000 0.00000000 0.00000000
0.00000000 1.00000000 0.00000000 0.00000000
0.00000000 0.00000000 1.00000000 0.00000000
0.00000000 0.00000000 0.00000000 1.00000000

1.00000000 0.00000000 0.00000000 0.00000000
0.00000000 1.00000000 0.00000000 0.00000000
0.00000000 0.00000000 1.00000000 0.00000000
0.00000000 0.00000000 0.00000000 1.00000000

0.99380150 -0.04616552 -0.10113010 0.00000000
0.00152706 0.91527990 -0.40281570 0.00000000
0.11115850 0.40016440 0.90967700 0.00000000
0.00587981 0.47371760 -0.08203179 1.00000000

0.99357590 -0.00367921 -0.11310840 0.00000000
-0.01175237 0.99071280 -0.13546220 0.00000000
0.11255630 0.13592130 0.98430500 0.00000000
0.00239273 0.54001600 -0.11073060 1.00000000

0.99288640 0.05790646 -0.10403620 0.00000000
-0.03252103 0.97243670 0.23088780 0.00000000
0.11453850 -0.22586190 0.96740230 0.00000000
0.00102500 0.63785950 -0.12410330 1.00000000

0.99959050 0.00423853 -0.02830545 0.00000000
0.00816771 0.90560420 0.42404510 0.00000000
0.02743085 -0.42410270 0.90519860 0.00000000
-0.00306725 0.71014110 -0.10623510 1.00000000

0.99914310 -0.00145447 -0.04136205 0.00000000
0.02192413 0.86624460 0.49913910 0.00000000
0.03510367 -0.49961810 0.86553420 0.00000000
-0.00133642 0.87609520 -0.02026111 1.00000000

0.99935180 0.02786117 -0.02279794 0.00000000
-0.02442348 0.98996110 0.13921480 0.00000000
0.02644775 -0.13856780 0.98999970 0.00000000
0.00042667 0.92257540 0.02747559 1.00000000

0.99935410 0.02786766 -0.02268597 0.00000000
-0.02781206 0.99960940 0.00276236 0.00000000
0.02275407 -0.00212970 0.99973880 0.00000000
-0.00317304 1.02154400 -0.00937008 1.00000000

0.99644020 -0.08131356 -0.02224666 0.00000000
0.08227604 0.99552640 0.04645086 0.00000000
0.01837003 -0.04811589 0.99867270 0.00000000
-0.03235736 1.01201400 -0.12579320 1.00000000

0.99935330 0.02789696 -0.02268276 0.00000000
-0.02782893 0.99960730 0.00330960 0.00000000
0.02276618 -0.00267630 0.99973720 0.00000000
-0.00596766 1.02011100 -0.13423570 1.00000000

0.99101880 0.13175020 -0.02288046 0.00000000
0.13166710 -0.99128120 -0.00510487 0.00000000
-0.02335357 0.00204640 -0.99972540 0.00000000
0.02167505 1.01346100 -0.12681010 1.00000000

0.99935180 0.02786117 -0.02279794 0.00000000
0.02866934 -0.99894320 0.03592567 0.00000000
-0.02177292 -0.03655598 -0.99909440 0.00000000
0.04529362 0.99829410 -0.11041330 1.00000000

0.99935200 0.02784964 -0.02279957 0.00000000
-0.02865788 0.99894340 -0.03592599 0.00000000
0.02177493 0.03655607 0.99909430 0.00000000
-0.00601694 1.02315300 -0.13206350 1.00000000

0.99955850 0.01967146 -0.02226731 0.00000000
0.02268706 -0.98924830 0.14447620 0.00000000
-0.01918585 -0.14491760 -0.98925780 0.00000000
0.05105614 1.08462300 -0.05062226 1.00000000

0.99964390 0.00716422 -0.02570265 0.00000000
0.00809833 -0.99930360 0.03642480 0.00000000
-0.02542379 -0.03661995 -0.99900590 0.00000000
-0.00429212 1.10266000 -0.09965700 1.00000000

0.99933770 0.02774218 -0.02355053 0.00000000
0.02858385 -0.99893630 0.03618764 0.00000000
-0.02252156 -0.03683676 -0.99906770 0.00000000
0.02381724 1.01673600 -0.12647630 1.00000000

0.99749980 -0.04669837 0.05304020 0.00000000
-0.03952444 -0.99084880 -0.12906080 0.00000000
0.05858175 0.12664170 -0.99021720 0.00000000
0.07681062 1.12101700 -0.06581070 1.00000000

0.99935180 0.02786117 -0.02279794 0.00000000
-0.02891398 0.99846540 -0.04723373 0.00000000
0.02144697 0.04786240 0.99862370 0.00000000
-0.00702980 1.05643700 -0.13578860 1.00000000

0.99935180 0.02786117 -0.02279794 0.00000000
-0.02866934 0.99894320 -0.03592576 0.00000000
0.02177292 0.03655604 0.99909440 0.00000000
-0.05408063 0.99560950 -0.10875630 1.00000000

0.99935180 0.02786117 -0.02279794 0.00000000
-0.03085559 0.98913310 -0.14374900 0.00000000
0.01854517 0.14435920 0.98935160 0.00000000
-0.06258193 1.08059500 -0.04775726 1.00000000

0.99934710 0.02859588 -0.02208363 0.00000000
-0.02937796 0.99892210 -0.03594228 0.00000000
0.02103201 0.03656760 0.99910970 0.00000000
-0.03485505 1.01517300 -0.12547370 1.00000000

0.99921240 0.03409633 0.02029179 0.00000000
0.03084542 -0.98920380 0.14326490 0.00000000
0.02495751 -0.14252620 -0.98947660 0.00000000
0.05106868 1.08370500 -0.04935322 1.00000000

0.99942820 0.03248781 0.00936802 0.00000000
-0.03082632 0.98934510 -0.14228930 0.00000000
-0.01389087 0.14191910 0.98978080 0.00000000
-0.06255761 1.08053800 -0.04676109 1.00000000

0.99935180 0.02786117 -0.02279794 0.00000000
0.02891398 -0.99846550 0.04723364 0.00000000
-0.02144698 -0.04786228 -0.99862380 0.00000000
0.01814558 1.06070100 -0.10716680 1.00000000

0.99935180 0.02786117 -0.02279794 0.00000000
-0.02891398 0.99846540 -0.04723373 0.00000000
0.02144697 0.04786240 0.99862370 0.00000000
-0.03102621 1.05995500 -0.10595730 1.00000000

0.99935180 0.02786117 -0.02279794 0.00000000
0.02911495 -0.99796990 0.05664869 0.00000000
-0.02117334 -0.05727573 -0.99813410 0.00000000
0.08082327 1.04401700 -0.09367558 1.00000000

0.99935180 0.02786117 -0.02279794 0.00000000
-0.02912041 0.99795480 -0.05690650 0.00000000
0.02116583 0.05753357 0.99811930 0.00000000
-0.09204504 1.03920900 -0.08973775 1.00000000

0.99935180 0.02786117 -0.02279794 0.00000000
-0.02866934 0.99894320 -0.03592576 0.00000000
0.02177292 0.03655604 0.99909440 0.00000000
-0.00728612 1.10074700 -0.09286100 1.00000000

0.99533970 0.07034762 -0.06595415 0.00000000
-0.06640283 0.99597460 0.06020963 0.00000000
0.06992427 -0.05554955 0.99600440 0.00000000
-0.09104647 1.11626400 -0.06145640 1.00000000

0.99986140 0.00435659 -0.01606914 0.00000000
-0.00494073 0.99932180 -0.03649380 0.00000000
0.01589925 0.03656818 0.99920470 0.00000000
-0.01068797 1.10248200 -0.09951112 1.00000000

0.99935180 0.02786117 -0.02279794 0.00000000
-0.02442348 0.98996110 0.13921480 0.00000000
0.02644775 -0.13856780 0.98999970 0.00000000
-0.07118977 1.07863300 -0.08699480 1.00000000

0.02862012 0.94899270 0.31399620 0.00000000
0.98719030 -0.07615957 0.14019680 0.00000000
0.15695960 0.30596150 -0.93901620 0.00000000
0.03298773 0.83575830 -0.04255229 1.00000000

0.44193430 0.32667690 -0.83544990 0.00000000
0.65497790 -0.75387810 0.05168779 0.00000000
-0.61294220 -0.57004370 -0.54713070 0.00000000
0.32361650 0.81333700 -0.00127836 1.00000000

0.44193640 0.32667120 -0.83545110 0.00000000
-0.63862540 -0.53946550 -0.54875730 0.00000000
-0.62996020 0.77605610 -0.02978889 0.00000000
0.50308080 0.60677450 0.01288362 1.00000000

0.74289490 0.49411340 -0.45161830 0.00000000
-0.62852280 0.28269870 -0.72459670 0.00000000
-0.23036110 0.82215180 0.52057700 0.00000000
0.39770760 0.51776270 -0.07766134 1.00000000

-0.62246690 -0.53569700 0.57058230 0.00000000
-0.23036110 0.82215180 0.52057700 0.00000000
-0.74797640 0.19260190 -0.63516600 0.00000000
0.39770760 0.51776270 -0.07766134 1.00000000

-0.20645930 0.47472160 -0.85557840 0.00000000
-0.84905160 -0.52151220 -0.08447921 0.00000000
-0.48629850 0.70898850 0.51073400 0.00000000
0.32143200 0.50738320 -0.17670930 1.00000000

-0.86021160 -0.29117420 -0.41863270 0.00000000
-0.14393080 -0.64893370 0.74710740 0.00000000
-0.48920330 0.70292470 0.51631130 0.00000000
0.29505470 0.49118150 -0.17933380 1.00000000

0.35003250 0.59155020 -0.72632340 0.00000000
-0.70846440 -0.34008130 -0.61840360 0.00000000
-0.61282560 0.73103550 0.30005270 0.00000000
0.31557600 0.53081810 -0.16134190 1.00000000

-0.65595810 -0.27132260 -0.70434590 0.00000000
-0.43094790 -0.63148760 0.64459890 0.00000000
-0.61967980 0.72636610 0.29730330 0.00000000
0.28754140 0.51736070 -0.18581270 1.00000000

0.64120040 0.75074510 -0.15888300 0.00000000
-0.35616340 0.10775790 -0.92818980 0.00000000
-0.67971280 0.65174390 0.33648230 0.00000000
0.30899690 0.55368750 -0.14586890 1.00000000

-0.22674280 0.19066560 -0.95510970 0.00000000
-0.67060230 -0.74173360 0.01113091 0.00000000
-0.70631460 0.64302280 0.29604360 0.00000000
0.29530370 0.55783030 -0.18155420 1.00000000

0.87681810 0.45548290 0.15403030 0.00000000
0.06822811 0.19924380 -0.97757200 0.00000000
-0.47595690 0.86766200 0.14362380 0.00000000
0.29453200 0.57415770 -0.12504040 1.00000000

0.80476220 0.49979550 -0.32025360 0.00000000
-0.36017120 -0.01771558 -0.93271800 0.00000000
-0.47184160 0.86596240 0.16575510 0.00000000
0.29713850 0.58176920 -0.16238590 1.00000000

0.30986490 0.10720080 0.94471810 0.00000000
-0.94772680 0.11439730 0.29787110 0.00000000
-0.07614101 -0.98763450 0.13704480 0.00000000
0.33359780 0.56289460 -0.07088606 1.00000000

0.76712780 -0.26164870 0.58570910 0.00000000
-0.53506220 0.24268310 0.80920570 0.00000000
-0.35386880 -0.93415500 0.04617064 0.00000000
0.30228330 0.56667450 -0.06104387 1.00000000

0.34598880 0.43567660 -0.83095010 0.00000000
-0.63862540 -0.53946550 -0.54875730 0.00000000
-0.68734940 0.72052970 0.09158517 0.00000000
0.44241140 0.55552530 -0.03924831 1.00000000

0.47901640 0.71314300 -0.51183040 0.00000000
0.82645970 -0.56289210 -0.01081397 0.00000000
-0.29581720 -0.41782700 -0.85901840 0.00000000
0.32365300 0.81365380 -0.00150947 1.00000000

-0.00031254 -0.95494270 -0.29679080 0.00000000
0.98287990 0.05438976 -0.17603750 0.00000000
0.18424810 -0.29176460 0.93857660 0.00000000
-0.03652395 0.83546340 -0.04058391 1.00000000

0.45769330 -0.35925500 0.81329740 0.00000000
0.64984150 0.75946860 -0.03022908 0.00000000
-0.60681380 0.54235010 0.58106260 0.00000000
-0.32588330 0.81945130 0.01124159 1.00000000

0.45770280 -0.35923900 0.81329920 0.00000000
-0.59954340 0.55077330 0.58068650 0.00000000
-0.65654890 -0.75338990 0.03671106 0.00000000
-0.50394020 0.61135740 0.01952354 1.00000000

0.68428160 -0.53606080 0.49436580 0.00000000
-0.63798610 -0.11175400 0.76189550 0.00000000
-0.35317500 -0.83674980 -0.41847050 0.00000000
-0.40501540 0.52047920 -0.07628943 1.00000000

-0.60215650 0.43353120 -0.67041640 0.00000000
-0.27641510 -0.90099610 -0.33436660 0.00000000
-0.74900110 -0.01602767 0.66237520 0.00000000
-0.49348980 0.53298120 -0.03694624 1.00000000

-0.18953320 -0.32448450 0.92670760 0.00000000
-0.85563120 0.51754860 0.00622223 0.00000000
-0.48163540 -0.79174080 -0.37573170 0.00000000
-0.33373660 0.48902740 -0.17455860 1.00000000

-0.86317910 0.35881430 0.35521050 0.00000000
-0.14256290 0.50169240 -0.85321770 0.00000000
-0.48435320 -0.78711940 -0.38189680 0.00000000
-0.30715410 0.47294820 -0.17475180 1.00000000

0.29175430 -0.56571360 0.77126370 0.00000000
-0.72439980 0.39586570 0.56438970 0.00000000
-0.62459980 -0.72336630 -0.29430730 0.00000000
-0.32447770 0.51280890 -0.16215820 1.00000000

-0.68530840 0.33957820 0.64423560 0.00000000
-0.36366270 0.60686520 -0.70672780 0.00000000
-0.63095360 -0.71861080 -0.29239790 0.00000000
-0.29581240 0.49714430 -0.18449180 1.00000000

0.49029460 -0.81638260 0.30517340 0.00000000
-0.47748400 0.04132055 0.87766820 0.00000000
-0.72912320 -0.57603150 -0.36955030 0.00000000
-0.31450770 0.53607460 -0.14957070 1.00000000

-0.37209960 -0.05330977 0.92666080 0.00000000
-0.53709800 0.82659690 -0.16811780 0.00000000
-0.75701260 -0.56026420 -0.33620880 0.00000000
-0.29615010 0.53448600 -0.18331400 1.00000000

0.80571100 -0.57859360 -0.12672550 0.00000000
0.06365609 -0.12812650 0.98971290 0.00000000
-0.58887860 -0.80548920 -0.06640200 0.00000000
-0.29687990 0.55647770 -0.13153780 1.00000000

0.74927390 -0.57962070 0.32035680 0.00000000
-0.30881470 0.12213100 0.94324860 0.00000000
-0.58585190 -0.80568250 -0.08748595 0.00000000
-0.29931190 0.56137260 -0.16934720 1.00000000

0.38710340 -0.28175010 -0.87793390 0.00000000
-0.90281330 0.07759404 -0.42297480 0.00000000
0.18729570 0.95634510 -0.22433050 0.00000000
-0.33530810 0.55699790 -0.07575340 1.00000000

0.83481540 -0.01209271 -0.55039730 0.00000000
-0.54376060 -0.17441240 -0.82091700 0.00000000
-0.08606893 0.98459850 -0.15217740 0.00000000
-0.30547750 0.55443500 -0.06177763 1.00000000

0.39122900 -0.43126910 0.81298630 0.00000000
-0.59954340 0.55077330 0.58068650 0.00000000
-0.69820340 -0.71460210 -0.04308599 0.00000000
-0.44698340 0.55903340 -0.03564192 1.00000000

0.66132000 -0.54359240 0.51687810 0.00000000
0.58497090 0.80508150 0.09824994 0.00000000
-0.46953710 0.23738420 0.85040220 0.00000000
-0.32590130 0.81957670 0.01111754 1.00000000

0.60692720 0.02929113 0.79421750 0.00000000
-0.12998160 -0.98220660 0.13555390 0.00000000
0.78405630 -0.18550500 -0.59232050 0.00000000
0.15234160 0.41955180 -0.08540940 1.00000000

0.60692720 0.02929113 0.79421750 0.00000000
-0.52235150 -0.73846210 0.42640670 0.00000000
0.59898950 -0.67365850 -0.43289240 0.00000000
0.12374570 0.20346630 -0.05558754 1.00000000

0.88494210 0.11801670 0.45049940 0.00000000
0.11068360 -0.99293810 0.04269629 0.00000000
0.45235690 0.01207913 -0.89175510 0.00000000
0.03207278 0.06628662 0.01952653 1.00000000

0.88785500 0.11002630 0.44677470 0.00000000
0.09660146 -0.99392170 0.05279947 0.00000000
0.44986860 -0.00371919 -0.89308690 0.00000000
0.07285741 0.02229851 -0.04351619 1.00000000

0.74750860 0.09146374 -0.65792510 0.00000000
-0.15003730 0.98812620 -0.03309871 0.00000000
0.64708570 0.12345480 0.75235580 0.00000000
-0.14261080 0.43325360 -0.05539485 1.00000000

0.74750860 0.09146355 -0.65792510 0.00000000
-0.44376710 0.80577340 -0.39217360 0.00000000
0.49426890 0.58511860 0.64291100 0.00000000
-0.10960260 0.21586590 -0.04811313 1.00000000

0.92232920 -0.11845350 -0.36780110 0.00000000
0.11384260 0.99290670 -0.03429281 0.00000000
0.36925430 -0.01024216 0.92927190 0.00000000
-0.03164847 0.06692937 0.01975048 1.00000000

0.91943750 -0.09447489 -0.38171900 0.00000000
0.08301216 0.99546650 -0.04642724 0.00000000
0.38437470 0.01099965 0.92311160 0.00000000
-0.06650962 0.02280760 -0.04666271 1.00000000

1.00000000 0.00000000 0.00000000 0.00000000
0.00000000 1.00000000 0.00000000 0.00000000
0.00000000 0.00000000 1.00000000 0.00000000
0.00000000 0.00000000 0.00000000 1.00000000

1.00000000 0.00000000 0.00000000 0.00000000
0.00000000 1.00000000 0.00000000 0.00000000
0.00000000 0.00000000 1.00000000 0.00000000
0.00000000 0.00000000 0.00000000 1.00000000

1.00000000 0.00000000 0.00000000 0.00000000
0.00000000 1.00000000 0.00000000 0.00000000
0.00000000 0.00000000 1.00000000 0.00000000
0.00000000 0.00000000 0.00000000 1.00000000

0.99360560 -0.04689835 -0.10270620 0.00000000
0.00581823 0.92971120 -0.36824350 0.00000000
0.11275710 0.36529130 0.92403900 0.00000000
0.00589700 0.46075350 -0.07770638 1.00000000

0.99336530 -0.00308072 -0.11496090 0.00000000
-0.00402264 0.99809860 -0.06150629 0.00000000
0.11493170 0.06156068 0.99146400 0.00000000
0.00277055 0.52732320 -0.10375840 1.00000000

0.99302750 0.04168046 -0.11026880 0.00000000
-0.02119409 0.98328970 0.18080950 0.00000000
0.11596240 -0.17721180 0.97731710 0.00000000
0.00222678 0.62833560 -0.10986590 1.00000000

0.99869990 0.01506621 -0.04869815 0.00000000
-0.00356328 0.97362110 0.22814290 0.00000000
0.05085079 -0.22767270 0.97240900 0.00000000
-0.00060503 0.70450630 -0.09517834 1.00000000

0.99834030 0.00871407 -0.05692882 0.00000000
0.00716569 0.96201100 0.27291650 0.00000000
0.05714435 -0.27287150 0.96035180 0.00000000
-0.00088967 0.88463430 -0.04528759 1.00000000

0.99847450 0.03251749 -0.04462407 0.00000000
-0.03172949 0.99932990 0.01825514 0.00000000
0.04518778 -0.01681135 0.99883710 0.00000000
0.00041652 0.93893870 -0.01022561 1.00000000

0.99848620 0.03257674 -0.04431804 0.00000000
-0.03760122 0.99233440 -0.11772370 0.00000000
0.04014323 0.11921180 0.99205690 0.00000000
-0.00480452 1.03265500 -0.05875685 1.00000000

0.99683980 -0.07369816 -0.02965005 0.00000000
0.07127428 0.99456880 -0.07584702 0.00000000
0.03507879 0.07349401 0.99667840 0.00000000
-0.03591232 1.00886400 -0.17261270 1.00000000

0.99848350 0.03265880 -0.04431737 0.00000000
-0.03762153 0.99251160 -0.11621290 0.00000000
0.04019012 0.11770400 0.99223500 0.00000000
-0.00975432 1.01608000 -0.18245830 1.00000000

0.98931700 0.13377280 -0.05793807 0.00000000
0.13961790 -0.98378500 0.11258040 0.00000000
-0.04193837 -0.11946680 -0.99195230 0.00000000
0.01807740 1.01059100 -0.17479360 1.00000000

0.99847450 0.03251749 -0.04462407 0.00000000
0.03913767 -0.98689130 0.15656850 0.00000000
-0.03894790 -0.15807610 -0.98665850 0.00000000
0.04210755 0.99764900 -0.15710890 1.00000000

0.99847600 0.03247271 -0.04462490 0.00000000
-0.03909360 0.98689280 -0.15657060 0.00000000
0.03895572 0.15807650 0.98665800 0.00000000
-0.00981766 1.01929500 -0.18066140 1.00000000

0.99943920 0.00746723 -0.03264212 0.00000000
0.02287123 -0.86423360 0.50257090 0.00000000
-0.02445758 -0.50303550 -0.86391960 0.00000000
0.04799652 1.09188700 -0.11060490 1.00000000

0.99891950 0.01162371 -0.04499587 0.00000000
0.01858313 -0.98734570 0.15749070 0.00000000
-0.04259584 -0.15815680 -0.98649480 0.00000000
-0.00819900 1.09874200 -0.15826190 1.00000000

0.99840100 0.03191674 -0.04665326 0.00000000
0.03889601 -0.98678360 0.15730740 0.00000000
-0.04101595 -0.15887040 -0.98644740 0.00000000
0.02012766 1.01378100 -0.17490760 1.00000000

0.99868890 -0.03226715 0.03973753 0.00000000
-0.03201848 -0.99946360 -0.00687923 0.00000000
0.03993818 0.00559785 -0.99918650 0.00000000
0.07329801 1.12178200 -0.12841480 1.00000000

0.99847450 0.03251749 -0.04462407 0.00000000
-0.03957608 0.98503850 -0.16772820 0.00000000
0.03850234 0.16923830 0.98482280 0.00000000
-0.01122477 1.05190300 -0.18838540 1.00000000

0.99847450 0.03251749 -0.04462407 0.00000000
-0.03913766 0.98689130 -0.15656860 0.00000000
0.03894788 0.15807620 0.98665840 0.00000000
-0.05719101 0.99442630 -0.15328740 1.00000000

0.99847450 0.03251749 -0.04462407 0.00000000
-0.05049990 0.86460140 -0.49991380 0.00000000
0.02232610 0.50140470 0.86492480 0.00000000
-0.06551872 1.08604400 -0.10437140 1.00000000

0.99847300 0.03496588 -0.04276509 0.00000000
-0.04126328 0.98680410 -0.15657190 0.00000000
0.03672610 0.15809740 0.98674020 0.00000000
-0.03845561 1.01195600 -0.17261440 1.00000000

0.99903140 0.04392629 -0.00264613 0.00000000
0.04308853 -0.96422080 0.26157540 0.00000000
0.00893861 -0.26143600 -0.96517960 0.00000000
0.04811173 1.08990000 -0.10700420 1.00000000

0.99907010 0.04101263 -0.01329567 0.00000000
-0.04306166 0.96440410 -0.26090280 0.00000000
0.00212207 0.26123280 0.96527340 0.00000000
-0.06541480 1.08620300 -0.10193040 1.00000000

0.99847450 0.03251749 -0.04462407 0.00000000
0.03957606 -0.98503860 0.16772800 0.00000000
-0.03850234 -0.16923820 -0.98482290 0.00000000
0.01441277 1.05971400 -0.16097000 1.00000000

0.99847450 0.03251749 -0.04462407 0.00000000
-0.03957608 0.98503850 -0.16772820 0.00000000
0.03850234 0.16923830 0.98482280 0.00000000
-0.03472786 1.05874400 -0.15876290 1.00000000

0.99847450 0.03251749 -0.04462407 0.00000000
0.03993063 -0.98343060 0.17683320 0.00000000
-0.03813451 -0.17834540 -0.98322900 0.00000000
0.07747362 1.04533500 -0.14671550 1.00000000

0.99847450 0.03251749 -0.04462407 0.00000000
-0.03996998 0.98324580 -0.17784850 0.00000000
0.03809325 0.17936080 0.98304560 0.00000000
-0.09524504 1.03975100 -0.13902320 1.00000000

0.99847450 0.03251749 -0.04462407 0.00000000
-0.03913766 0.98689130 -0.15656860 0.00000000
0.03894788 0.15807620 0.98665840 0.00000000
-0.01106101 1.09786100 -0.15122530 1.00000000

0.99328700 0.06940232 -0.09254333 0.00000000
-0.07514656 0.99535980 -0.06009958 0.00000000
0.08794285 0.06665046 0.99389330 0.00000000
-0.09440181 1.11631100 -0.12038950 1.00000000

0.99927180 0.01236378 -0.03609493 0.00000000
-0.01790546 0.98735650 -0.15750060 0.00000000
0.03369127 0.15803210 0.98685900 0.00000000
-0.01458923 1.09853300 -0.15797630 1.00000000

0.99847450 0.03251749 -0.04462407 0.00000000
-0.03172949 0.99932990 0.01825514 0.00000000
0.04518778 -0.01681135 0.99883710 0.00000000
-0.07473277 1.07934800 -0.14146630 1.00000000

0.06329639 0.99104400 0.11758210 0.00000000
0.98877330 -0.07825439 0.12729450 0.00000000
0.13535580 0.10820480 -0.98487100 0.00000000
0.03388977 0.84114720 -0.05947793 1.00000000

0.41847380 0.26324220 -0.86924320 0.00000000
0.65810630 -0.74747110 0.09046288 0.00000000
-0.62592010 -0.60991060 -0.48603820 0.00000000
0.32498460 0.81810900 -0.02200244 1.00000000

0.41847590 0.26323670 -0.86924390 0.00000000
-0.61998450 -0.61660080 -0.48520390 0.00000000
-0.66369990 0.74196390 -0.09482958 0.00000000
0.50530590 0.61330210 0.00278387 1.00000000

0.76829950 0.50269900 -0.39624480 0.00000000
-0.60285250 0.36022040 -0.71190610 0.00000000
-0.21513920 0.78583430 0.57981040 0.00000000
0.40300850 0.51156300 -0.07727475 1.00000000

-0.65194330 -0.55761360 0.51384620 0.00000000
-0.21513920 0.78583430 0.57981040 0.00000000
-0.72710780 0.26745510 -0.63228360 0.00000000
0.40300850 0.51156300 -0.07727475 1.00000000

-0.14123630 0.60042750 -0.78710840 0.00000000
-0.87948840 -0.44110690 -0.17867540 0.00000000
-0.45448090 0.66701720 0.59036940 0.00000000
0.32865110 0.51163130 -0.17830580 1.00000000

-0.86221180 -0.16708620 -0.47819790 0.00000000
-0.21642630 -0.73201560 0.64599830 0.00000000
-0.45798560 0.66048190 0.59499060 0.00000000
0.30132820 0.49792760 -0.18385670 1.00000000

0.39250610 0.67137280 -0.62864790 0.00000000
-0.71418990 -0.20820360 -0.66826960 0.00000000
-0.57954470 0.71127380 0.39776660 0.00000000
0.32321540 0.53396510 -0.16123690 1.00000000

-0.65667480 -0.13049430 -0.74279860 0.00000000
-0.47402040 -0.69463870 0.54109370 0.00000000
-0.58658630 0.70742420 0.39429470 0.00000000
0.29495420 0.52572620 -0.18768100 1.00000000

0.65233420 0.75413270 -0.07579202 0.00000000
-0.36459860 0.22456050 -0.90368170 0.00000000
-0.66447610 0.61713590 0.42144430 0.00000000
0.31703890 0.55575320 -0.14412410 1.00000000

-0.23400600 0.30805950 -0.92213950 0.00000000
-0.68322800 -0.72689470 -0.06945488 0.00000000
-0.69169440 0.61377870 0.38057260 0.00000000
0.30302150 0.56438670 -0.17886720 1.00000000

0.88616110 0.42210240 0.19117560 0.00000000
0.06515819 0.29496240 -0.95328490 0.00000000
-0.45877350 0.85722050 0.23388090 0.00000000
0.30278460 0.57499590 -0.12201600 1.00000000

0.81180580 0.51497090 -0.27527520 0.00000000
-0.36655370 0.08245751 -0.92673600 0.00000000
-0.45454370 0.85323280 0.25570410 0.00000000
0.30527370 0.58626430 -0.15843380 1.00000000

0.29213180 0.02133713 0.95614020 0.00000000
-0.94989170 0.12271540 0.28748450 0.00000000
-0.11119880 -0.99221290 0.05611715 0.00000000
0.34026290 0.55817380 -0.06817706 1.00000000

0.74519000 -0.33337130 0.57754300 0.00000000
-0.54446620 0.19589530 0.81558700 0.00000000
-0.38503100 -0.92221960 -0.03553001 0.00000000
0.30887690 0.56222860 -0.05867806 1.00000000

0.27721700 0.40636980 -0.87064050 0.00000000
-0.61998450 -0.61660080 -0.48520390 0.00000000
-0.73400970 0.67429050 0.08101095 0.00000000
0.44640750 0.55472510 -0.04331049 1.00000000

0.48121440 0.58163050 -0.65584980 0.00000000
0.81069460 -0.57990180 0.08055081 0.00000000
-0.33347750 -0.57045580 -0.75058190 0.00000000
0.32501840 0.81833340 -0.02226469 1.00000000

0.03025779 -0.99690730 -0.07252815 0.00000000
0.98688910 0.04130511 -0.15602580 0.00000000
0.15853900 -0.06685621 0.98508660 0.00000000
-0.03555998 0.84009930 -0.05609144 1.00000000

0.45756680 -0.46840310 0.75579840 0.00000000
0.67618640 0.73527360 0.04631405 0.00000000
-0.57741220 0.48986890 0.65316430 0.00000000
-0.32609970 0.82793940 -0.01015747 1.00000000

0.45757670 -0.46838780 0.75580200 0.00000000
-0.37059400 0.67220010 0.64094230 0.00000000
-0.80825980 -0.57337610 0.13400130 0.00000000
-0.51137500 0.62647490 -0.02284828 1.00000000

0.57094430 -0.58266680 0.57837920 0.00000000
-0.62290870 0.15146670 0.76749090 0.00000000
-0.53479660 -0.79847200 -0.27646920 0.00000000
-0.45022690 0.51556120 -0.12860350 1.00000000

-0.51788710 0.43792470 -0.73485730 0.00000000
-0.47071730 -0.86317010 -0.18265470 0.00000000
-0.71429570 0.25131540 0.65316320 0.00000000
-0.53278770 0.55283610 -0.09218608 1.00000000

-0.29037790 -0.04584376 0.95581320 0.00000000
-0.71160290 0.67815230 -0.18366010 0.00000000
-0.63976730 -0.73349030 -0.22954300 0.00000000
-0.39006410 0.45448650 -0.22005300 1.00000000

-0.76699510 0.62249890 0.15560890 0.00000000
0.03330553 0.28080850 -0.95918580 0.00000000
-0.64078830 -0.73050800 -0.23611140 0.00000000
-0.36795610 0.43341770 -0.21434700 1.00000000

0.08613857 -0.38952620 0.91697850 0.00000000
-0.65187120 0.67400000 0.34754550 0.00000000
-0.75342160 -0.62768910 -0.19586360 0.00000000
-0.37586430 0.47712180 -0.21173700 1.00000000

-0.63809440 0.64493040 0.42059540 0.00000000
-0.13509830 0.44400250 -0.88578240 0.00000000
-0.75801340 -0.62203450 -0.19618660 0.00000000
-0.35006910 0.45045100 -0.22548990 1.00000000

0.24408680 -0.76558720 0.59522930 0.00000000
-0.54647360 0.39846910 0.73660640 0.00000000
-0.80111710 -0.50507300 -0.32111220 0.00000000
-0.36093210 0.49931060 -0.20314180 1.00000000

-0.47846070 0.30914440 0.82189130 0.00000000
-0.29934540 0.82249140 -0.48363270 0.00000000
-0.82551080 -0.47742860 -0.30098900 0.00000000
-0.33992200 0.48399090 -0.23146180 1.00000000

0.66486690 -0.74489880 0.05547947 0.00000000
-0.02629845 0.05088399 0.99835840 0.00000000
-0.74649880 -0.66523450 0.01424123 0.00000000
-0.33896320 0.51792430 -0.18871020 1.00000000

0.59955410 -0.66928360 0.43885580 0.00000000
-0.29636430 0.32369890 0.89854730 0.00000000
-0.74344020 -0.66878880 -0.00427681 0.00000000
-0.33795860 0.51598060 -0.22685000 1.00000000

0.24952360 -0.58587010 -0.77103460 0.00000000
-0.88194750 0.19130420 -0.43078010 0.00000000
0.39988340 0.78750200 -0.46897150 0.00000000
-0.37440120 0.53596350 -0.13381870 1.00000000

0.63342670 -0.41008560 -0.65620150 0.00000000
-0.74778250 -0.10634050 -0.65537280 0.00000000
0.19897820 0.90582660 -0.37401360 0.00000000
-0.34525980 0.52964340 -0.11958530 1.00000000

0.42380770 -0.49166710 0.76069090 0.00000000
-0.37059400 0.67220010 0.64094230 0.00000000
-0.82646680 -0.55354390 0.10267450 0.00000000
-0.47616860 0.56261530 -0.08373804 1.00000000

0.65493350 -0.39367270 0.64504560 0.00000000
0.56387970 0.82285670 -0.07033223 0.00000000
-0.50309220 0.40979120 0.76090040 0.00000000
-0.32611640 0.82803460 -0.01030902 1.00000000

0.61216220 0.02161094 0.79043670 0.00000000
-0.07588078 -0.99340770 0.08592695 0.00000000
0.78708290 -0.11258020 -0.60648690 0.00000000
0.15211020 0.40608160 -0.08309871 1.00000000

0.61216220 0.02161094 0.79043670 0.00000000
-0.59999160 -0.63840940 0.48212440 0.00000000
0.51504150 -0.76939360 -0.37784380 0.00000000
0.13541650 0.18753190 -0.06419478 1.00000000

0.88557860 0.11130540 0.45095650 0.00000000
0.09907085 -0.99378620 0.05073377 0.00000000
0.45380140 -0.00025206 -0.89110300 0.00000000
0.02925546 0.06800625 0.02129067 1.00000000

0.88840410 0.10325240 0.44729990 0.00000000
0.08496310 -0.99452610 0.06082203 0.00000000
0.45113160 -0.01603053 -0.89231370 0.00000000
0.06962039 0.02304855 -0.04133685 1.00000000

0.74745160 0.09920701 -0.65686690 0.00000000
-0.10333600 0.99411360 0.03255508 0.00000000
0.65623000 0.04354461 0.75330340 0.00000000
-0.14278400 0.42000100 -0.05261635 1.00000000

