MeshAnim
1
28
75
30
0.98401780 -0.04906599 -0.17117660 0.00000000
-0.01455513 0.93590960 -0.35193960 0.00000000
0.17747410 0.34880640 0.92023750 0.00000000
-0.01682330 0.45859020 -0.00463999 1.00000000

0.99407650 -0.01559891 -0.10755710 0.00000000
-0.01342316 0.96444740 -0.26393400 0.00000000
0.10785020 0.26381440 0.95852510 0.00000000
-0.01927108 0.52963930 -0.03082739 1.00000000

0.99993720 -0.00029678 -0.01119158 0.00000000
0.00024651 0.99999000 -0.00449255 0.00000000
0.01119278 0.00448952 0.99992730 0.00000000
-0.02251368 0.62684290 -0.05720570 1.00000000

0.99641880 -0.01285285 0.08357343 0.00000000
-0.01105286 0.96010110 0.27943470 0.00000000
-0.08383049 -0.27935760 0.95652070 0.00000000
-0.02436593 0.70206910 -0.05752311 1.00000000

0.96525720 -0.07542052 0.25018060 0.00000000
-0.01913808 0.93446280 0.35554650 0.00000000
-0.26059990 -0.34798180 0.90055350 0.00000000
-0.02705801 0.87928510 0.00182788 1.00000000

0.99200860 -0.06468888 0.10832470 0.00000000
0.05238293 0.99223270 0.11282840 0.00000000
-0.11478200 -0.10625240 0.98769190 0.00000000
-0.03039304 0.93027220 0.04136478 1.00000000

0.99200860 -0.06468888 0.10832470 0.00000000
0.06774358 0.99739550 -0.02475720 0.00000000
-0.10644100 0.03189773 0.99380740 0.00000000
-0.01975297 1.02782700 0.00218295 1.00000000

0.97771100 -0.20870140 0.02291805 0.00000000
0.19828220 0.95372270 0.22604690 0.00000000
-0.06903376 -0.21646430 0.97384670 0.00000000
-0.03550020 1.01728200 -0.11445710 1.00000000

0.99200860 -0.06468888 0.10832470 0.00000000
0.03784975 0.97159670 0.23359620 0.00000000
-0.12035900 -0.22762940 0.96628060 0.00000000
-0.00668598 1.02286200 -0.12044620 1.00000000

0.98085340 0.05880051 0.18565840 0.00000000
0.09525257 -0.97636590 -0.19400150 0.00000000
0.16986310 0.20797150 -0.96327290 0.00000000
0.01982654 1.01350900 -0.10708470 1.00000000

0.99200860 -0.06468888 0.10832470 0.00000000
-0.07163466 -0.99553290 0.06150280 0.00000000
0.10386230 -0.06877108 -0.99221130 0.00000000
0.04042933 0.99641820 -0.08951955 1.00000000

0.99200860 -0.06468888 0.10832470 0.00000000
0.07163466 0.99553290 -0.06150280 0.00000000
-0.10386220 0.06877114 0.99221120 0.00000000
-0.00659222 1.02531500 -0.11983990 1.00000000

0.99200860 -0.06468888 0.10832470 0.00000000
-0.07163466 -0.99553290 0.06150280 0.00000000
0.10386230 -0.06877108 -0.99221130 0.00000000
0.04487276 1.08334000 -0.03167992 1.00000000

0.99200860 -0.06468888 0.10832470 0.00000000
-0.07163466 -0.99553290 0.06150280 0.00000000
0.10386230 -0.06877108 -0.99221130 0.00000000
-0.00160721 1.10305900 -0.08952306 1.00000000

0.99200860 -0.06468888 0.10832470 0.00000000
-0.07163466 -0.99553290 0.06150280 0.00000000
0.10386230 -0.06877108 -0.99221130 0.00000000
0.02221146 1.01627500 -0.10935820 1.00000000

0.99200860 -0.06468888 0.10832470 0.00000000
-0.07163466 -0.99553290 0.06150280 0.00000000
0.10386230 -0.06877108 -0.99221130 0.00000000
0.07664503 1.13047100 -0.04395330 1.00000000

0.99200860 -0.06468888 0.10832470 0.00000000
0.07163466 0.99553290 -0.06150280 0.00000000
-0.10386220 0.06877114 0.99221120 0.00000000
-0.00387695 1.05924800 -0.12444150 1.00000000

0.99200860 -0.06468888 0.10832470 0.00000000
0.07163466 0.99553290 -0.06150280 0.00000000
-0.10386220 0.06877114 0.99221120 0.00000000
-0.06100759 1.00314700 -0.10159310 1.00000000

0.99200860 -0.06468888 0.10832470 0.00000000
0.07163466 0.99553290 -0.06150280 0.00000000
-0.10386220 0.06877114 0.99221120 0.00000000
-0.06791860 1.09069500 -0.04399644 1.00000000

0.99200860 -0.06468888 0.10832470 0.00000000
0.07163466 0.99553290 -0.06150280 0.00000000
-0.10386220 0.06877114 0.99221120 0.00000000
-0.03728210 1.02021900 -0.11642280 1.00000000

0.99589040 -0.07139544 0.05572341 0.00000000
-0.07768936 -0.98967500 0.12044850 0.00000000
0.04654865 -0.12428250 -0.99115450 0.00000000
0.04487276 1.08334000 -0.03167992 1.00000000

0.99515000 -0.06983033 0.06928177 0.00000000
0.07804541 0.98920990 -0.12398670 0.00000000
-0.05987616 0.12879260 0.98986230 0.00000000
-0.06791860 1.09069500 -0.04399644 1.00000000

0.99200860 -0.06468888 0.10832470 0.00000000
-0.07163466 -0.99553290 0.06150280 0.00000000
0.10386230 -0.06877108 -0.99221130 0.00000000
0.01758363 1.06395900 -0.09253789 1.00000000

0.99200860 -0.06468888 0.10832470 0.00000000
0.07163466 0.99553290 -0.06150280 0.00000000
-0.10386220 0.06877114 0.99221120 0.00000000
-0.03090625 1.06712100 -0.09783289 1.00000000

0.99200860 -0.06468888 0.10832470 0.00000000
-0.07914084 -0.98769020 0.13492600 0.00000000
0.09826303 -0.14242070 -0.98491670 0.00000000
0.07657997 1.04397800 -0.07193030 1.00000000

0.99200860 -0.06468888 0.10832470 0.00000000
0.07914083 0.98769010 -0.13492610 0.00000000
-0.09826300 0.14242070 0.98491660 0.00000000
-0.09501766 1.05516800 -0.09066831 1.00000000

0.99200860 -0.06468888 0.10832470 0.00000000
0.07163466 0.99553290 -0.06150280 0.00000000
-0.10386220 0.06877114 0.99221120 0.00000000
-0.00542495 1.10538400 -0.08271644 1.00000000

0.99200860 -0.06468888 0.10832470 0.00000000
0.07163466 0.99553290 -0.06150280 0.00000000
-0.10386220 0.06877114 0.99221120 0.00000000
-0.09005344 1.14128100 -0.06162618 1.00000000

0.99200860 -0.06468888 0.10832470 0.00000000
0.07163466 0.99553290 -0.06150280 0.00000000
-0.10386220 0.06877114 0.99221120 0.00000000
-0.00795608 1.10347300 -0.09021631 1.00000000

0.99200860 -0.06468888 0.10832470 0.00000000
0.05238293 0.99223270 0.11282840 0.00000000
-0.11478200 -0.10625240 0.98769190 0.00000000
-0.07143229 1.08820600 -0.08496416 1.00000000

-0.02707153 0.95532100 0.29432830 0.00000000
0.91418950 -0.09544861 0.39388750 0.00000000
0.40438230 0.27973510 -0.87076050 0.00000000
0.00827118 0.83555510 -0.01007360 1.00000000

0.49181340 0.06906936 -0.86795720 0.00000000
0.66278950 -0.67615540 0.32175210 0.00000000
-0.56465040 -0.73351440 -0.37832060 0.00000000
0.27740860 0.80745490 0.10588680 1.00000000

0.49181500 0.06906532 -0.86795660 0.00000000
-0.35668370 -0.89338650 -0.27319850 0.00000000
-0.79428900 0.44394930 -0.41474630 0.00000000
0.45901320 0.62218840 0.19404640 1.00000000

0.65680310 -0.22552640 -0.71954710 0.00000000
-0.43342300 -0.89375860 -0.11549960 0.00000000
-0.61705300 0.38772880 -0.68477170 0.00000000
0.40016040 0.47477960 0.14896870 1.00000000

-0.57156180 0.37729980 0.72867190 0.00000000
-0.61705300 0.38772880 -0.68477170 0.00000000
-0.54089090 -0.84101820 0.01120311 0.00000000
0.40016040 0.47477960 0.14896870 1.00000000

-0.42837410 -0.88576740 0.17863940 0.00000000
-0.55446750 0.41377270 0.72205170 0.00000000
-0.71348550 0.21025870 -0.66837850 0.00000000
0.36457990 0.35776960 0.17687660 1.00000000

-0.54342270 0.43610840 0.71728800 0.00000000
0.44230130 0.87498650 -0.19689800 0.00000000
-0.71348560 0.21025870 -0.66837850 0.00000000
0.34735430 0.37062420 0.19930840 1.00000000

-0.45166680 -0.87754800 0.16095660 0.00000000
-0.55351330 0.41710700 0.72086430 0.00000000
-0.69972860 0.23649900 -0.67412750 0.00000000
0.34747220 0.36954090 0.15716890 1.00000000

-0.54187800 0.43923320 0.71654950 0.00000000
0.46556230 0.86668520 -0.17919070 0.00000000
-0.69972860 0.23649910 -0.67412750 0.00000000
0.32556920 0.38604640 0.18569420 1.00000000

-0.31169540 -0.94816890 -0.06182138 0.00000000
-0.61231670 0.15068570 0.77612030 0.00000000
-0.72657720 0.27976760 -0.62754750 0.00000000
0.32985150 0.38121840 0.13822540 1.00000000

-0.60421310 0.17468890 0.77743880 0.00000000
0.32712760 0.94404160 0.04211403 0.00000000
-0.72657720 0.27976760 -0.62754760 0.00000000
0.30631020 0.38701160 0.16806420 1.00000000

-0.46767530 -0.88387920 0.00613827 0.00000000
-0.51404540 0.27762620 0.81159210 0.00000000
-0.71905320 0.37640640 -0.58419260 0.00000000
0.30422040 0.39569430 0.12424210 1.00000000

-0.55470510 0.19553510 0.80874530 0.00000000
0.41864670 0.90558530 0.06819427 0.00000000
-0.71905320 0.37640650 -0.58419250 0.00000000
0.28458280 0.40630030 0.15524690 1.00000000

-0.23849500 0.46349550 -0.85340060 0.00000000
-0.97034540 -0.07810634 0.22875620 0.00000000
0.03937126 0.88265050 0.46837850 0.00000000
0.32646280 0.45963190 0.12589820 1.00000000

-0.96002900 0.16341190 -0.22724740 0.00000000
-0.27711850 -0.44071010 0.85380360 0.00000000
0.03937121 0.88265060 0.46837860 0.00000000
0.29440090 0.45705120 0.13345670 1.00000000

0.62146310 -0.00855503 -0.78339710 0.00000000
-0.35668370 -0.89338650 -0.27319850 0.00000000
-0.69753900 0.44920790 -0.55825800 0.00000000
0.42512830 0.53731670 0.16809260 1.00000000

0.61570000 0.68950660 -0.38143720 0.00000000
0.78449890 -0.58183100 0.21455620 0.00000000
-0.07399390 -0.43133910 -0.89915060 0.00000000
0.27765230 0.80904230 0.10539380 1.00000000

-0.05146077 -0.91828850 -0.39255340 0.00000000
0.99395170 -0.00891048 -0.10945570 0.00000000
0.09701401 -0.39581180 0.91319300 0.00000000
-0.06101995 0.83644870 -0.01588533 1.00000000

0.10926260 -0.97600840 0.18833350 0.00000000
0.76936210 0.20300620 0.60569830 0.00000000
-0.62939950 0.07871651 0.77308480 0.00000000
-0.35363890 0.83907220 0.01633852 1.00000000

0.10927400 -0.97600430 0.18834750 0.00000000
-0.69959630 0.05909094 0.71209080 0.00000000
-0.70613340 -0.20958020 -0.67635190 0.00000000
-0.56444410 0.78344940 -0.14962300 1.00000000

0.34183640 -0.93680790 -0.07442486 0.00000000
-0.75737730 -0.32151480 0.56833800 0.00000000
-0.55635200 -0.13791090 -0.81942230 0.00000000
-0.44901060 0.77369880 -0.26711830 1.00000000

-0.20512590 0.97840610 -0.02539659 0.00000000
-0.55635200 -0.13791090 -0.81942230 0.00000000
-0.80523030 -0.15395530 0.57262730 0.00000000
-0.44901010 0.77369900 -0.26711870 1.00000000

-0.68434250 -0.08295771 0.72442650 0.00000000
-0.17727150 0.98262750 -0.05493689 0.00000000
-0.70728390 -0.16601580 -0.68715980 0.00000000
-0.37839270 0.78939700 -0.36960130 1.00000000

-0.15985500 0.98441580 -0.07329541 0.00000000
0.68861900 0.05800513 -0.72279980 0.00000000
-0.70728390 -0.16601570 -0.68715980 0.00000000
-0.37288530 0.75886890 -0.36789440 1.00000000

-0.70599160 -0.08444111 0.70316830 0.00000000
-0.17539980 0.98278240 -0.05808507 0.00000000
-0.68615660 -0.16434330 -0.70864710 0.00000000
-0.36319890 0.79334790 -0.34566040 1.00000000

-0.15743480 0.98460820 -0.07590337 0.00000000
0.71021380 0.05948416 -0.70146890 0.00000000
-0.68615660 -0.16434330 -0.70864710 0.00000000
-0.35625800 0.75445830 -0.34336200 1.00000000

-0.65725620 -0.35006720 0.66743360 0.00000000
-0.31813290 0.93168240 0.17538320 0.00000000
-0.68323190 -0.09706084 -0.72372190 0.00000000
-0.34768030 0.79652380 -0.32210630 1.00000000

-0.30135830 0.94026280 0.15839630 0.00000000
0.66511460 0.32632090 -0.67166770 0.00000000
-0.68323200 -0.09706093 -0.72372200 0.00000000
-0.33544920 0.76070390 -0.32884920 1.00000000

-0.75721310 -0.20573190 0.61992190 0.00000000
-0.17342320 0.97836010 0.11285550 0.00000000
-0.62972480 -0.02205322 -0.77650560 0.00000000
-0.32716240 0.79132800 -0.29732640 1.00000000

-0.24202290 0.95541470 0.16913950 0.00000000
0.73815470 0.29444320 -0.60698560 0.00000000
-0.62972480 -0.02205322 -0.77650560 0.00000000
-0.32053700 0.75395230 -0.30163790 1.00000000

-0.22554770 -0.38799710 -0.89363690 0.00000000
-0.84861620 0.52878500 -0.01540177 0.00000000
0.47851750 0.75488080 -0.44852680 0.00000000
-0.37202060 0.77022420 -0.25119760 1.00000000

-0.84805660 0.26488790 -0.45894960 0.00000000
-0.22764290 0.59999130 0.76693520 0.00000000
0.47851750 0.75488070 -0.44852670 0.00000000
-0.34398040 0.75275300 -0.25068900 1.00000000

0.07901695 -0.98406460 0.15929020 0.00000000
-0.69959630 0.05909094 0.71209080 0.00000000
-0.71015590 -0.16770610 -0.68377870 0.00000000
-0.49798210 0.77783560 -0.21727220 1.00000000

0.58170350 -0.64336580 0.49769620 0.00000000
0.63549850 0.74138560 0.21561420 0.00000000
-0.50770360 0.19086170 0.84012430 0.00000000
-0.35313460 0.84303670 0.01622030 1.00000000

0.94388660 -0.31113540 0.11078300 0.00000000
-0.14396720 -0.68949610 -0.70983740 0.00000000
0.29723980 0.65405690 -0.69559950 0.00000000
0.12839690 0.40343870 -0.02094334 1.00000000

0.94388660 -0.31113540 0.11078300 0.00000000
-0.31939690 -0.94528820 0.06645484 0.00000000
0.08404540 -0.09810957 -0.99162060 0.00000000
0.09672417 0.25174960 -0.17710760 1.00000000

0.85728090 -0.13279100 0.49742950 0.00000000
0.04086703 -0.94556620 -0.32285430 0.00000000
0.51322450 0.29710530 -0.80518910 0.00000000
0.03926311 0.07995862 -0.17000790 1.00000000

0.85728090 -0.13279100 0.49742950 0.00000000
0.04086703 -0.94556620 -0.32285430 0.00000000
0.51322450 0.29710530 -0.80518910 0.00000000
0.08131441 0.05862972 -0.24314820 1.00000000

0.94839580 0.16664220 -0.26976990 0.00000000
-0.25441990 0.90768380 -0.33373740 0.00000000
0.18925100 0.38515000 0.90324060 0.00000000
-0.16365180 0.41800140 0.02986051 1.00000000

0.94839590 0.16664200 -0.26976980 0.00000000
-0.31433850 0.60590510 -0.73080120 0.00000000
0.04167269 0.77788790 0.62701990 0.00000000
-0.10767940 0.21831100 0.10328270 1.00000000

0.84142600 -0.06029643 -0.53699800 0.00000000
-0.36729080 0.66509410 -0.65019020 0.00000000
0.39635830 0.74432130 0.53748110 0.00000000
-0.05092372 0.10463310 0.23259060 1.00000000

0.84142600 -0.06029643 -0.53699800 0.00000000
0.04571593 0.99813550 -0.04044231 0.00000000
0.53843520 0.00947999 0.84261360 0.00000000
-0.06570043 0.01934057 0.22366980 1.00000000

1.00000000 0.00000000 0.00000000 0.00000000
0.00000000 1.00000000 0.00000000 0.00000000
0.00000000 0.00000000 1.00000000 0.00000000
0.00000000 0.00000000 0.00000000 1.00000000

1.00000000 0.00000000 0.00000000 0.00000000
0.00000000 1.00000000 0.00000000 0.00000000
0.00000000 0.00000000 1.00000000 0.00000000
0.00000000 0.00000000 0.00000000 1.00000000

1.00000000 0.00000000 0.00000000 0.00000000
0.00000000 1.00000000 0.00000000 0.00000000
0.00000000 0.00000000 1.00000000 0.00000000
0.00000000 0.00000000 0.00000000 1.00000000

0.98760940 -0.04247462 -0.15107490 0.00000000
-0.01270648 0.93787250 -0.34674720 0.00000000
0.15641700 0.34437040 0.92571200 0.00000000
-0.00898692 0.43029790 0.00043067 1.00000000

0.99538540 -0.01259291 -0.09512791 0.00000000
-0.01384833 0.96212170 -0.27226850 0.00000000
0.09495328 0.27232940 0.95750740 0.00000000
-0.01119894 0.50177970 -0.02551629 1.00000000

0.99993530 0.00115424 -0.01131938 0.00000000
-0.00125729 0.99995770 -0.00910045 0.00000000
0.01130840 0.00911410 0.99989450 0.00000000
-0.01433531 0.59864370 -0.05273097 1.00000000

0.99741770 -0.00972097 0.07115953 0.00000000
-0.01057488 0.96012100 0.27938470 0.00000000
-0.07103765 -0.27941580 0.95753870 0.00000000
-0.01615493 0.67431340 -0.05347763 1.00000000

0.97256390 -0.06718294 0.22272400 0.00000000
-0.01778414 0.93311970 0.35912580 0.00000000
-0.23195530 -0.35323380 0.90632370 0.00000000
-0.01866193 0.85153260 0.00587168 1.00000000

0.99326840 -0.05970683 0.09926349 0.00000000
0.04607318 0.98985910 0.13437320 0.00000000
-0.10627990 -0.12889530 0.98594650 0.00000000
-0.02165355 0.90201820 0.04559082 1.00000000

0.99326840 -0.05970683 0.09926349 0.00000000
0.06031934 0.99817400 -0.00317798 0.00000000
-0.09889248 0.00914401 0.99505600 0.00000000
-0.01202741 1.00049100 0.00849904 1.00000000

0.97992620 -0.19872170 0.01595458 0.00000000
0.18969420 0.95403720 0.23201040 0.00000000
-0.06132676 -0.22432650 0.97258250 0.00000000
-0.02881217 0.99235790 -0.10816100 1.00000000

0.99326840 -0.05970683 0.09926349 0.00000000
0.03430907 0.97011380 0.24021240 0.00000000
-0.11063920 -0.23518990 0.96563170 0.00000000
0.00011803 0.99827170 -0.11436790 1.00000000

0.98283800 0.05968168 0.17455000 0.00000000
0.09525003 -0.97450970 -0.20312220 0.00000000
0.15797810 0.21626230 -0.96346980 0.00000000
0.02693979 0.98882160 -0.10135650 1.00000000

0.99326840 -0.05970683 0.09926349 0.00000000
-0.06393623 -0.99715260 0.03998451 0.00000000
0.09659351 -0.04606182 -0.99425750 0.00000000
0.04786657 0.97149710 -0.08413453 1.00000000

0.99326840 -0.05970683 0.09926349 0.00000000
0.06393625 0.99715260 -0.03998458 0.00000000
-0.09659350 0.04606191 0.99425760 0.00000000
0.00019483 1.00074100 -0.11365100 1.00000000

0.99326840 -0.05970685 0.09926349 0.00000000
-0.06393628 -0.99715270 0.03998464 0.00000000
0.09659350 -0.04606197 -0.99425760 0.00000000
0.05192732 1.05721500 -0.02461861 1.00000000

0.99326840 -0.05970683 0.09926349 0.00000000
-0.06393623 -0.99715260 0.03998451 0.00000000
0.09659351 -0.04606182 -0.99425750 0.00000000
0.00483642 1.07746700 -0.08170831 1.00000000

0.99326840 -0.05970683 0.09926349 0.00000000
-0.06393623 -0.99715260 0.03998451 0.00000000
0.09659351 -0.04606182 -0.99425750 0.00000000
0.02923325 0.99165030 -0.10348160 1.00000000

0.99326840 -0.05970683 0.09926349 0.00000000
-0.06393623 -0.99715260 0.03998451 0.00000000
0.09659351 -0.04606182 -0.99425750 0.00000000
0.08323082 1.10420300 -0.03617622 1.00000000

0.99326840 -0.05970683 0.09926349 0.00000000
0.06393625 0.99715260 -0.03998458 0.00000000
-0.09659350 0.04606191 0.99425760 0.00000000
0.00262576 1.03476000 -0.11751280 1.00000000

0.99326840 -0.05970683 0.09926349 0.00000000
0.06393625 0.99715260 -0.03998458 0.00000000
-0.09659350 0.04606191 0.99425760 0.00000000
-0.05423862 0.97776180 -0.09527241 1.00000000

0.99326840 -0.05970683 0.09926349 0.00000000
0.06393589 0.99715260 -0.03998089 0.00000000
-0.09659374 0.04605822 0.99425760 0.00000000
-0.06100721 1.06400400 -0.03590563 1.00000000

0.99326840 -0.05970683 0.09926349 0.00000000
0.06393625 0.99715260 -0.03998458 0.00000000
-0.09659350 0.04606191 0.99425760 0.00000000
-0.03057852 0.99531820 -0.10999110 1.00000000

0.99727050 -0.06552222 0.03404161 0.00000000
-0.06823319 -0.99397680 0.08575894 0.00000000
0.02821748 -0.08784745 -0.99573430 0.00000000
0.05192755 1.05721600 -0.02462003 1.00000000

0.99665060 -0.06418743 0.05067083 0.00000000
0.06848888 0.99373680 -0.08829649 0.00000000
-0.04468597 0.09147116 0.99480460 0.00000000
-0.06100705 1.06400500 -0.03590629 1.00000000

0.99326840 -0.05970683 0.09926349 0.00000000
-0.06393623 -0.99715260 0.03998451 0.00000000
0.09659351 -0.04606182 -0.99425750 0.00000000
0.02432762 1.03840700 -0.08575450 1.00000000

0.99326840 -0.05970683 0.09926349 0.00000000
0.06393625 0.99715260 -0.03998458 0.00000000
-0.09659350 0.04606191 0.99425760 0.00000000
-0.02432361 1.04133200 -0.09061654 1.00000000

0.99326840 -0.05970683 0.09926349 0.00000000
-0.07054569 -0.99147640 0.10953520 0.00000000
0.09187743 -0.11580030 -0.98901430 0.00000000
0.08357278 1.01862300 -0.06588890 1.00000000

0.99326840 -0.05970683 0.09926349 0.00000000
0.07054564 0.99147620 -0.10953500 0.00000000
-0.09187740 0.11580020 0.98901410 0.00000000
-0.08824278 1.02895100 -0.08305953 1.00000000

0.99326840 -0.05970683 0.09926349 0.00000000
0.06393625 0.99715260 -0.03998458 0.00000000
-0.09659350 0.04606191 0.99425760 0.00000000
0.00107395 1.08001300 -0.07476845 1.00000000

0.99326840 -0.05970683 0.09926349 0.00000000
0.06393625 0.99715260 -0.03998458 0.00000000
-0.09659350 0.04606191 0.99425760 0.00000000
-0.08367471 1.11416500 -0.05232792 1.00000000

0.99326840 -0.05970683 0.09926349 0.00000000
0.06393625 0.99715260 -0.03998458 0.00000000
-0.09659350 0.04606191 0.99425760 0.00000000
-0.00152051 1.07784900 -0.08234360 1.00000000

0.99326840 -0.05970683 0.09926349 0.00000000
0.04607318 0.98985910 0.13437320 0.00000000
-0.10627990 -0.12889530 0.98594650 0.00000000
-0.06482296 1.06239600 -0.07689096 1.00000000

-0.04426318 0.95248170 0.30136290 0.00000000
0.92566060 -0.07435945 0.37097630 0.00000000
0.37575740 0.29538030 -0.87838340 0.00000000
0.01665291 0.80791070 -0.00646136 1.00000000

0.33824210 0.14822160 -0.92931330 0.00000000
0.75259180 -0.63547410 0.17256520 0.00000000
-0.56497640 -0.75776210 -0.32649440 0.00000000
0.28916740 0.78601930 0.10275410 1.00000000

0.33824430 0.14821700 -0.92931310 0.00000000
-0.40910530 -0.86616190 -0.28704790 0.00000000
-0.84748100 0.47727930 -0.23233800 0.00000000
0.49537770 0.61189950 0.15003640 1.00000000

0.48683720 -0.26413880 -0.83259880 0.00000000
-0.44864540 -0.89346050 0.02111522 0.00000000
-0.74947140 0.36326200 -0.55347430 0.00000000
0.42787540 0.46898270 0.10267340 1.00000000

-0.40153460 0.41527380 0.81628330 0.00000000
-0.74947140 0.36326200 -0.55347430 0.00000000
-0.52636780 -0.83401980 0.16537370 0.00000000
0.42787540 0.46898270 0.10267340 1.00000000

-0.38054820 -0.87243990 0.30664630 0.00000000
-0.38623900 0.45123630 0.80449120 0.00000000
-0.84023980 0.18770890 -0.50868730 0.00000000
0.39904810 0.35370670 0.14288050 1.00000000

-0.37646150 0.47322190 0.79645380 0.00000000
0.39022340 0.86071310 -0.32695490 0.00000000
-0.84023990 0.18770910 -0.50868710 0.00000000
0.38704880 0.36772510 0.16787330 1.00000000

-0.40708970 -0.86477400 0.29401410 0.00000000
-0.38556010 0.45450450 0.80297570 0.00000000
-0.82802300 0.21352310 -0.51844620 0.00000000
0.37811450 0.36476640 0.12678380 1.00000000

-0.37510960 0.47629460 0.79525920 0.00000000
0.41673910 0.85296660 -0.31428830 0.00000000
-0.82802300 0.21352310 -0.51844620 0.00000000
0.36285750 0.38275170 0.15855830 1.00000000

-0.31826330 -0.94669020 0.04986474 0.00000000
-0.43128480 0.19143170 0.88167330 0.00000000
-0.84421690 0.25909840 -0.46921860 0.00000000
0.35684400 0.37577170 0.11154710 1.00000000

-0.42307280 0.21538430 0.88012480 0.00000000
0.32910110 0.94152980 -0.07221378 0.00000000
-0.84421690 0.25909840 -0.46921860 0.00000000
0.34026280 0.38313160 0.14544410 1.00000000

-0.45597320 -0.87782220 0.14668730 0.00000000
-0.32761350 0.31879680 0.88940350 0.00000000
-0.82750120 0.35748740 -0.43294890 0.00000000
0.32881680 0.38987670 0.10274010 1.00000000

-0.36798490 0.23708720 0.89909820 0.00000000
0.42406290 0.90332320 -0.06464033 0.00000000
-0.82750120 0.35748740 -0.43294890 0.00000000
0.31630120 0.40205560 0.13671740 1.00000000

-0.41590910 0.42751090 -0.80265470 0.00000000
-0.89863490 -0.05776005 0.43487880 0.00000000
0.13955380 0.90216340 0.40819860 0.00000000
0.35093400 0.45359000 0.09666356 1.00000000

-0.98633440 0.16310500 -0.02327418 0.00000000
-0.08757637 -0.39937270 0.91259660 0.00000000
0.13955390 0.90216340 0.40819880 0.00000000
0.32124150 0.45168160 0.11103270 1.00000000

0.47951330 0.06356940 -0.87522940 0.00000000
-0.40910530 -0.86616190 -0.28704790 0.00000000
-0.77633770 0.49570440 -0.38932950 0.00000000
0.45651270 0.52961400 0.12276680 1.00000000

0.58841530 0.70742580 -0.39155670 0.00000000
0.80409360 -0.56279990 0.19154760 0.00000000
-0.08486216 -0.42755730 -0.89999620 0.00000000
0.28934800 0.78734290 0.10229810 1.00000000

-0.05157605 -0.92139550 -0.38518890 0.00000000
0.99143180 -0.00088959 -0.13062310 0.00000000
0.12001280 -0.38862560 0.91354640 0.00000000
-0.05270769 0.80858660 -0.01140979 1.00000000

0.16296220 -0.97016570 0.17950600 0.00000000
0.76156230 0.23935820 0.60227130 0.00000000
-0.62726920 0.03855767 0.77784760 0.00000000
-0.34458470 0.80884870 0.02704571 1.00000000

0.16297340 -0.97016100 0.17951990 0.00000000
-0.69539180 0.01612715 0.71845010 0.00000000
-0.69990740 -0.24192490 -0.67201350 0.00000000
-0.55325270 0.74326550 -0.13797680 1.00000000

0.39505760 -0.91278170 -0.10372820 0.00000000
-0.72640760 -0.37950690 0.57298050 0.00000000
-0.56237170 -0.15101130 -0.81297830 0.00000000
-0.43851310 0.74060390 -0.25652140 1.00000000

-0.26291640 0.96481520 0.00265530 0.00000000
-0.56237170 -0.15101130 -0.81297830 0.00000000
-0.78397290 -0.21523850 0.58228780 0.00000000
-0.43851280 0.74060420 -0.25652170 1.00000000

-0.66468490 -0.14084840 0.73372750 0.00000000
-0.23591290 0.97139240 -0.02724235 0.00000000
-0.70890010 -0.19120320 -0.67889770 0.00000000
-0.37085970 0.76292710 -0.35977230 1.00000000

-0.21897630 0.97465280 -0.04584564 0.00000000
0.67045530 0.11616230 -0.73280020 0.00000000
-0.70890010 -0.19120320 -0.67889770 0.00000000
-0.36353050 0.73274800 -0.35892590 1.00000000

-0.68659990 -0.14310470 0.71281240 0.00000000
-0.23411250 0.97173390 -0.03041726 0.00000000
-0.68831130 -0.18776270 -0.70069470 0.00000000
-0.35548340 0.76719770 -0.33600360 1.00000000

-0.21662050 0.97505130 -0.04848906 0.00000000
0.69231770 0.11840920 -0.71181180 0.00000000
-0.68831130 -0.18776270 -0.70069470 0.00000000
-0.34621920 0.72874540 -0.33480000 1.00000000

-0.62295340 -0.40443070 0.66960070 0.00000000
-0.36922220 0.90665100 0.20410570 0.00000000
-0.68964080 -0.12008300 -0.71412590 0.00000000
-0.33974440 0.77072380 -0.31264640 1.00000000

-0.35330120 0.91661850 0.18705460 0.00000000
0.63211900 0.38130180 -0.67456290 0.00000000
-0.68964090 -0.12008300 -0.71412590 0.00000000
-0.32554910 0.73586620 -0.32049350 1.00000000

-0.73211520 -0.26519100 0.62744050 0.00000000
-0.22870400 0.96333330 0.14029980 0.00000000
-0.64164040 -0.04078250 -0.76592070 0.00000000
-0.31849910 0.76616290 -0.28835940 1.00000000

-0.29477350 0.93500710 0.19715690 0.00000000
0.70810090 0.35227690 -0.61195970 0.00000000
-0.64164050 -0.04078244 -0.76592080 0.00000000
-0.30976180 0.72936130 -0.29371940 1.00000000

-0.21882730 -0.37914370 -0.89909140 0.00000000
-0.87846870 0.47763990 0.01238894 0.00000000
0.42474450 0.79253420 -0.43758630 0.00000000
-0.36116980 0.74132910 -0.24201300 1.00000000

-0.87058200 0.22496930 -0.43758000 0.00000000
-0.24835380 0.56681440 0.78552040 0.00000000
0.42474460 0.79253420 -0.43758630 0.00000000
-0.33214330 0.72554790 -0.24242260 1.00000000

0.12897860 -0.98071340 0.14685310 0.00000000
-0.69539180 0.01612715 0.71845010 0.00000000
-0.70696190 -0.19478510 -0.67989990 0.00000000
-0.48719030 0.74173330 -0.20623010 1.00000000

0.59793450 -0.63475310 0.48945150 0.00000000
0.63327230 0.74843870 0.19699280 0.00000000
-0.49136630 0.19216730 0.84948870 0.00000000
-0.34420620 0.81221990 0.02681994 1.00000000

0.93879690 -0.33569180 0.07727490 0.00000000
-0.18128430 -0.67221830 -0.71781510 0.00000000
0.29291020 0.65987380 -0.69193210 0.00000000
0.13685590 0.37606790 -0.01318521 1.00000000

0.93879690 -0.33569180 0.07727490 0.00000000
-0.34144350 -0.87715190 0.33766940 0.00000000
-0.04557105 -0.34338800 -0.93808740 0.00000000
0.09697152 0.22817320 -0.17111170 1.00000000

0.84286620 0.04119543 0.53654390 0.00000000
0.03317498 -0.99914660 0.02459861 0.00000000
0.53709950 -0.00293362 -0.84351370 0.00000000
0.03486636 0.06749988 -0.11459380 1.00000000

0.84286620 0.04119543 0.53654390 0.00000000
0.03254870 -0.99914260 0.02558220 0.00000000
0.53713790 -0.00409864 -0.84348450 0.00000000
0.07830168 0.02192420 -0.17466840 1.00000000

0.95212810 0.07400545 -0.29660620 0.00000000
-0.17642530 0.92539170 -0.33544640 0.00000000
0.24965210 0.37171690 0.89414780 0.00000000
-0.15625880 0.38867440 0.03165261 1.00000000

0.95212820 0.07400515 -0.29660610 0.00000000
-0.30200570 0.37807750 -0.87512850 0.00000000
0.04737610 0.92281120 0.38232820 0.00000000
-0.11744760 0.18510090 0.10544620 1.00000000

0.86725930 -0.08418722 -0.49068730 0.00000000
-0.36955560 0.55156660 -0.74779870 0.00000000
0.33360180 0.82987150 0.44723920 0.00000000
-0.06295873 0.11199100 0.26211850 1.00000000

0.86725930 -0.08418722 -0.49068730 0.00000000
-0.00014883 0.98555510 -0.16935480 0.00000000
0.49785690 0.14694750 0.85471920 0.00000000
-0.07304440 0.02558139 0.26421330 1.00000000

1.00000000 0.00000000 0.00000000 0.00000000
0.00000000 1.00000000 0.00000000 0.00000000
0.00000000 0.00000000 1.00000000 0.00000000
0.00000000 0.00000000 0.00000000 1.00000000

1.00000000 0.00000000 0.00000000 0.00000000
0.00000000 1.00000000 0.00000000 0.00000000
0.00000000 0.00000000 1.00000000 0.00000000
0.00000000 0.00000000 0.00000000 1.00000000

1.00000000 0.00000000 0.00000000 0.00000000
0.00000000 1.00000000 0.00000000 0.00000000
0.00000000 0.00000000 1.00000000 0.00000000
0.00000000 0.00000000 0.00000000 1.00000000

0.99256210 -0.03262359 -0.11728700 0.00000000
-0.00974701 0.93903610 -0.34368030 0.00000000
0.12134890 0.34226720 0.93173370 0.00000000
-0.00141953 0.40974970 0.00417892 1.00000000

0.99722440 -0.00930916 -0.07387041 0.00000000
-0.01158830 0.96065570 -0.27750000 0.00000000
0.07354733 0.27758590 0.95788150 0.00000000
-0.00314600 0.48151860 -0.02168071 1.00000000

0.99993690 0.00126346 -0.01116702 0.00000000
-0.00140890 0.99991420 -0.01302672 0.00000000
0.01114962 0.01304166 0.99985280 0.00000000
-0.00568122 0.57816200 -0.04943867 1.00000000

0.99869670 -0.00668792 0.05059551 0.00000000
-0.00761122 0.96077170 0.27723580 0.00000000
-0.05046485 -0.27725950 0.95946890 0.00000000
-0.00714203 0.65347990 -0.05043346 1.00000000

0.98269710 -0.05443382 0.17704050 0.00000000
-0.01295165 0.93330560 0.35884960 0.00000000
-0.18476650 -0.35493350 0.91645160 0.00000000
-0.00894146 0.83083690 0.00852895 1.00000000

0.99531790 -0.04706776 0.08441929 0.00000000
0.03422546 0.98845670 0.14758780 0.00000000
-0.09039143 -0.14400750 0.98543970 0.00000000
-0.01138814 0.88101480 0.04821388 1.00000000

0.99531790 -0.04706776 0.08441929 0.00000000
0.04638948 0.99887360 0.00997991 0.00000000
-0.08479392 -0.00601694 0.99638040 0.00000000
-0.00366203 0.98011670 0.01237562 1.00000000

0.98361650 -0.18011290 0.00759423 0.00000000
0.17400450 0.95958390 0.22118160 0.00000000
-0.04712494 -0.21623640 0.97520300 0.00000000
-0.02229542 0.97328020 -0.10404510 1.00000000

0.99531790 -0.04706776 0.08441929 0.00000000
0.02648458 0.97280050 0.23012520 0.00000000
-0.09295460 -0.22681190 0.96949260 0.00000000
0.00676324 0.97962920 -0.11081250 1.00000000

0.98581450 0.06757716 0.15363270 0.00000000
0.09753329 -0.97559770 -0.19671350 0.00000000
0.13659040 0.20890730 -0.96834960 0.00000000
0.03410159 0.97042830 -0.09817156 1.00000000

0.99531790 -0.04706776 0.08441929 0.00000000
-0.04949439 -0.99841240 0.02688463 0.00000000
0.08301985 -0.03093714 -0.99606760 0.00000000
0.05560989 0.95315690 -0.08119842 1.00000000

0.99531790 -0.04706776 0.08441929 0.00000000
0.04949439 0.99841240 -0.02688466 0.00000000
-0.08301985 0.03093720 0.99606760 0.00000000
0.00680937 0.98219940 -0.10992330 1.00000000

0.99531790 -0.04706781 0.08441929 0.00000000
-0.04949451 -0.99841250 0.02688528 0.00000000
0.08301982 -0.03093786 -0.99606780 0.00000000
0.05901822 1.03818700 -0.02083608 1.00000000

0.99531790 -0.04706776 0.08441929 0.00000000
-0.04949439 -0.99841240 0.02688463 0.00000000
0.08301985 -0.03093714 -0.99606760 0.00000000
0.01082044 1.05797600 -0.07705893 1.00000000

0.99531790 -0.04706776 0.08441929 0.00000000
-0.04949439 -0.99841240 0.02688463 0.00000000
0.08301985 -0.03093714 -0.99606760 0.00000000
0.03624789 0.97330870 -0.10013210 1.00000000

0.99531790 -0.04706776 0.08441929 0.00000000
-0.04949439 -0.99841240 0.02688463 0.00000000
0.08301985 -0.03093714 -0.99606760 0.00000000
0.08946541 1.08482500 -0.03231819 1.00000000

0.99531790 -0.04706776 0.08441929 0.00000000
0.04949439 0.99841240 -0.02688466 0.00000000
-0.08301985 0.03093720 0.99606760 0.00000000
0.00870990 1.01627000 -0.11333410 1.00000000

0.99531790 -0.04706776 0.08441929 0.00000000
0.04949439 0.99841240 -0.02688466 0.00000000
-0.08301985 0.03093720 0.99606760 0.00000000
-0.04750882 0.95815930 -0.09078725 1.00000000

0.99531790 -0.04706776 0.08441929 0.00000000
0.04949319 0.99841280 -0.02687032 0.00000000
-0.08302055 0.03092278 0.99606780 0.00000000
-0.05414908 1.04353700 -0.03043742 1.00000000

0.99531790 -0.04706776 0.08441929 0.00000000
0.04949439 0.99841240 -0.02688466 0.00000000
-0.08301985 0.03093720 0.99606760 0.00000000
-0.02404856 0.97623210 -0.10572640 1.00000000

0.99861200 -0.05142618 0.01137005 0.00000000
-0.05200738 -0.99692020 0.05869664 0.00000000
0.00831646 -0.05920657 -0.99821100 0.00000000
0.05901904 1.03819100 -0.02084142 1.00000000

0.99828030 -0.05043584 0.02987818 0.00000000
0.05216988 0.99680880 -0.06041979 0.00000000
-0.02673550 0.06187465 0.99772570 0.00000000
-0.05414861 1.04354300 -0.03043989 1.00000000

0.99531790 -0.04706776 0.08441929 0.00000000
-0.04949439 -0.99841240 0.02688463 0.00000000
0.08301985 -0.03093714 -0.99606760 0.00000000
0.03085803 1.01899100 -0.08195991 1.00000000

0.99531790 -0.04706776 0.08441929 0.00000000
0.04949439 0.99841240 -0.02688466 0.00000000
-0.08301985 0.03093720 0.99606760 0.00000000
-0.01804192 1.02130300 -0.08610745 1.00000000

0.99531790 -0.04706776 0.08441929 0.00000000
-0.05468147 -0.99441520 0.09026998 0.00000000
0.07969899 -0.09446348 -0.99233320 0.00000000
0.09056920 1.00007500 -0.06297020 1.00000000

0.99531790 -0.04706776 0.08441929 0.00000000
0.05468145 0.99441520 -0.09026974 0.00000000
-0.07969899 0.09446334 0.99233320 0.00000000
-0.08160089 1.00821700 -0.07757304 1.00000000

0.99531790 -0.04706776 0.08441929 0.00000000
0.04949439 0.99841240 -0.02688466 0.00000000
-0.08301985 0.03093720 0.99606760 0.00000000
0.00714315 1.06097200 -0.06994232 1.00000000

0.99531790 -0.04706776 0.08441929 0.00000000
0.04949439 0.99841240 -0.02688466 0.00000000
-0.08301985 0.03093720 0.99606760 0.00000000
-0.07777602 1.09265500 -0.04597664 1.00000000

0.99531790 -0.04706776 0.08441929 0.00000000
0.04949439 0.99841240 -0.02688466 0.00000000
-0.08301985 0.03093720 0.99606760 0.00000000
0.00445040 1.05827700 -0.07759923 1.00000000

0.99531790 -0.04706776 0.08441929 0.00000000
0.03422546 0.98845670 0.14758780 0.00000000
-0.09039143 -0.14400750 0.98543970 0.00000000
-0.05852649 1.04244700 -0.07138534 1.00000000

-0.06529232 0.94893180 0.30865070 0.00000000
0.94028880 -0.04504049 0.33738460 0.00000000
0.33405680 0.31224950 -0.88932910 0.00000000
0.02623860 0.78728610 -0.00442499 1.00000000

0.21474950 0.14859540 -0.96529910 0.00000000
0.80507120 -0.58649030 0.08882090 0.00000000
-0.55294020 -0.79620890 -0.24557840 0.00000000
0.30305950 0.77402620 0.09490103 1.00000000

0.21475200 0.14859100 -0.96529920 0.00000000
-0.36711580 -0.90359760 -0.22076620 0.00000000
-0.90504560 0.40178630 -0.13949910 0.00000000
0.52364930 0.61332790 0.11923730 1.00000000

0.44314010 -0.04201224 -0.89546750 0.00000000
-0.40850090 -0.89862630 -0.15999460 0.00000000
-0.79796850 0.43669920 -0.41537930 0.00000000
0.46307520 0.46423440 0.08281095 1.00000000

-0.36547240 0.19741880 0.90964620 0.00000000
-0.79796850 0.43669920 -0.41537930 0.00000000
-0.47924540 -0.87767880 -0.00206764 0.00000000
0.46307520 0.46423440 0.08281095 1.00000000

-0.32319100 -0.93885060 0.11877290 0.00000000
-0.35248560 0.23590580 0.90559510 0.00000000
-0.87823760 0.25081420 -0.40717400 0.00000000
0.44174360 0.34144240 0.09706883 1.00000000

-0.34417390 0.25964520 0.90229100 0.00000000
0.33202840 0.93256460 -0.14170650 0.00000000
-0.87823780 0.25081430 -0.40717390 0.00000000
0.43079290 0.34877120 0.12520280 1.00000000

-0.35078550 -0.93001460 0.10964840 0.00000000
-0.35204290 0.23946410 0.90483320 0.00000000
-0.86776460 0.27880120 -0.41140540 0.00000000
0.41937630 0.35467220 0.08505599 1.00000000

-0.34303140 0.26297840 0.90176080 0.00000000
0.35960280 0.92364110 -0.13256570 0.00000000
-0.86776460 0.27880120 -0.41140530 0.00000000
0.40544560 0.36414810 0.12086110 1.00000000

-0.27442730 -0.94966160 -0.15110570 0.00000000
-0.38155720 -0.03670157 0.92361650 0.00000000
-0.88266860 0.31112080 -0.35227820 0.00000000
0.39673040 0.36763630 0.07388442 1.00000000

-0.37447310 -0.01260012 0.92715230 0.00000000
0.28401770 0.95028700 0.12762820 0.00000000
-0.88266870 0.31112070 -0.35227820 0.00000000
0.38206100 0.36622520 0.10939390 1.00000000

-0.40841760 -0.91216330 -0.03396551 0.00000000
-0.28303700 0.09117687 0.95476560 0.00000000
-0.86780470 0.39955630 -0.29541400 0.00000000
0.36762960 0.38178960 0.07002863 1.00000000

-0.31924150 0.00727915 0.94764550 0.00000000
0.38078830 0.91667970 0.12123800 0.00000000
-0.86780480 0.39955640 -0.29541400 0.00000000
0.35681690 0.38527280 0.10650300 1.00000000

-0.48404610 0.57391340 -0.66054740 0.00000000
-0.86571000 -0.20412970 0.45703120 0.00000000
0.12745900 0.79306670 0.59565060 0.00000000
0.38662020 0.44635560 0.07751670 1.00000000

-0.99177010 0.10923160 0.06678753 0.00000000
-0.01209690 -0.59926120 0.80046230 0.00000000
0.12745900 0.79306670 0.59565070 0.00000000
0.35801570 0.43961080 0.09261780 1.00000000

0.34785610 0.08675037 -0.93352600 0.00000000
-0.36711580 -0.90359760 -0.22076620 0.00000000
-0.86268320 0.41950680 -0.28247430 0.00000000
0.48877310 0.52748620 0.09826461 1.00000000

0.55007180 0.72877000 -0.40781770 0.00000000
0.82878940 -0.53638820 0.15936050 0.00000000
-0.10261150 -0.42565470 -0.89904890 0.00000000
0.30318000 0.77539590 0.09444117 1.00000000

-0.05296715 -0.92722850 -0.37073170 0.00000000
0.98608860 0.01000948 -0.16591880 0.00000000
0.15755540 -0.37436240 0.91379920 0.00000000
-0.04321095 0.78775110 -0.00794341 1.00000000

0.21997580 -0.95446340 0.20152060 0.00000000
0.75347100 0.29745160 0.58634820 0.00000000
-0.61959040 0.02285755 0.78459240 0.00000000
-0.33351500 0.78480450 0.04090314 1.00000000

0.21998660 -0.95445790 0.20153400 0.00000000
-0.66444160 0.00465534 0.74732580 0.00000000
-0.71422930 -0.29830920 -0.63315750 0.00000000
-0.53996610 0.70330370 -0.11975650 1.00000000

0.46575970 -0.87841870 -0.10699750 0.00000000
-0.68758900 -0.43535990 0.58110490 0.00000000
-0.55703610 -0.19708510 -0.80676410 0.00000000
-0.43033310 0.70253500 -0.24306560 1.00000000

-0.33928530 0.94067300 0.00446422 0.00000000
-0.55703610 -0.19708510 -0.80676410 0.00000000
-0.75802140 -0.27620990 0.59085670 0.00000000
-0.43033270 0.70253530 -0.24306590 1.00000000

-0.64347890 -0.19222260 0.74093540 0.00000000
-0.31321270 0.94933450 -0.02572722 0.00000000
-0.69845020 -0.24862530 -0.67108330 0.00000000
-0.36577970 0.73000740 -0.34705670 1.00000000

-0.29678910 0.95390510 -0.04451379 0.00000000
0.65121700 0.16807940 -0.74004440 0.00000000
-0.69845020 -0.24862530 -0.67108330 0.00000000
-0.35604890 0.70051370 -0.34625740 1.00000000

-0.66536280 -0.19626570 0.72025840 0.00000000
-0.31147910 0.94981290 -0.02892154 0.00000000
-0.67843440 -0.24358880 -0.69310280 0.00000000
-0.35054430 0.73554040 -0.32345810 1.00000000

-0.29450090 0.95448600 -0.04718263 0.00000000
0.67305000 0.17210920 -0.71929310 0.00000000
-0.67843440 -0.24358880 -0.69310280 0.00000000
-0.33821870 0.69795550 -0.32231380 1.00000000

-0.58145590 -0.45173850 0.67663990 0.00000000
-0.43845680 0.87456600 0.20709950 0.00000000
-0.68532090 -0.17625820 -0.70658930 0.00000000
-0.33489220 0.74035920 -0.30027420 1.00000000

-0.42356620 0.88574350 0.18986880 0.00000000
0.59239090 0.42940840 -0.68167550 0.00000000
-0.68532100 -0.17625820 -0.70658930 0.00000000
-0.31803500 0.70673520 -0.30823650 1.00000000

-0.70185580 -0.32176500 0.63550420 0.00000000
-0.30361100 0.94219490 0.14173670 0.00000000
-0.64437480 -0.09346743 -0.75897650 0.00000000
-0.31309440 0.73755970 -0.27621100 1.00000000

-0.36659540 0.90877780 0.19932600 0.00000000
0.67111050 0.40667780 -0.61985810 0.00000000
-0.64437480 -0.09346743 -0.75897650 0.00000000
-0.30149540 0.70156560 -0.28162570 1.00000000

-0.19725710 -0.39714420 -0.89630720 0.00000000
-0.91371380 0.40580100 0.02128175 0.00000000
0.35527040 0.82316580 -0.44292300 0.00000000
-0.35314730 0.70947720 -0.22938540 1.00000000

-0.89037710 0.15372290 -0.42848340 0.00000000
-0.28462540 0.54659610 0.78754140 0.00000000
0.35527040 0.82316580 -0.44292310 0.00000000
-0.32295620 0.69606980 -0.23008880 1.00000000

0.18221530 -0.96879300 0.16804110 0.00000000
-0.66444160 0.00465534 0.74732580 0.00000000
-0.72478620 -0.24782770 -0.64285800 0.00000000
-0.47684390 0.70286130 -0.19075300 1.00000000

0.62333900 -0.62019510 0.47624200 0.00000000
0.62985860 0.75915180 0.16421640 0.00000000
-0.46338600 0.19760270 0.86384420 0.00000000
-0.33332410 0.78711800 0.04056046 1.00000000

0.93024340 -0.36512860 0.03644615 0.00000000
-0.22517920 -0.64645580 -0.72896460 0.00000000
0.28972660 0.66990760 -0.68358060 0.00000000
0.14531310 0.35694360 -0.00462116 1.00000000

0.93024340 -0.36512860 0.03644615 0.00000000
-0.33464770 -0.80343160 0.49245180 0.00000000
-0.15052620 -0.47029670 -0.86957650 0.00000000
0.09576487 0.21469800 -0.16502190 1.00000000

0.84300370 0.07544803 0.53259020 0.00000000
0.03840333 -0.99602960 0.08031368 0.00000000
0.53653500 -0.04725135 -0.84255430 0.00000000
0.03436005 0.06673267 -0.08010036 1.00000000

0.84300370 0.07544803 0.53259020 0.00000000
0.03644404 -0.99585040 0.08338945 0.00000000
0.53667170 -0.05088795 -0.84225540 0.00000000
0.07799174 0.01809886 -0.13757860 1.00000000

0.89651420 -0.05787633 -0.43921810 0.00000000
-0.00541147 0.98992500 -0.14148930 0.00000000
0.44298180 0.12922410 0.88716870 0.00000000
-0.14927150 0.36662630 0.03018869 1.00000000

