MeshAnim
1
78
75
60
0.58743190 -0.04542184 -0.80799790 0.00000000
-0.15571390 0.97342340 -0.16792870 0.00000000
0.79415180 0.22446320 0.56474710 0.00000000
0.00538873 0.41847160 -0.02266045 1.00000000

0.58662470 0.06566115 -0.80719270 0.00000000
-0.06929000 0.99712240 0.03075469 0.00000000
0.80688940 0.03788896 0.58948620 0.00000000
-0.00772682 0.49049030 -0.03244285 1.00000000

0.64608380 0.04516488 -0.76192900 0.00000000
-0.06312601 0.99798970 0.00562960 0.00000000
0.76065160 0.04446036 0.64763610 0.00000000
-0.01633110 0.59614120 -0.02851855 1.00000000

0.61451180 0.06211243 -0.78645860 0.00000000
-0.32237150 0.92963700 -0.17846970 0.00000000
0.72003610 0.36320370 0.59129620 0.00000000
-0.02236984 0.68059690 -0.02932614 1.00000000

0.61451180 0.06211243 -0.78645860 0.00000000
-0.36294510 0.90739010 -0.21192950 0.00000000
0.70046130 0.41567460 0.58014520 0.00000000
-0.07718316 0.85693590 -0.05822860 1.00000000

0.98955330 0.13396580 0.05326656 0.00000000
-0.13979840 0.98193490 0.12751540 0.00000000
-0.03522152 -0.13362990 0.99040520 0.00000000
-0.09848472 0.90584950 -0.05086561 1.00000000

0.98955330 0.13396580 0.05326656 0.00000000
-0.13169810 0.99031130 -0.04403429 0.00000000
-0.05864942 0.03655920 0.99760900 0.00000000
-0.10970550 1.00382300 -0.08881894 1.00000000

0.99978420 0.02047681 -0.00345549 0.00000000
-0.02059294 0.99907210 -0.03782348 0.00000000
0.00267774 0.03788650 0.99927840 0.00000000
-0.13254620 0.97789260 -0.20580070 1.00000000

0.98516680 0.16355460 0.05192432 0.00000000
-0.16126520 0.98585660 -0.04560930 0.00000000
-0.05864942 0.03655920 0.99760900 0.00000000
-0.10168270 0.99439750 -0.21415550 1.00000000

0.96164530 0.26380180 0.07514685 0.00000000
0.26052740 -0.96413710 0.05064899 0.00000000
0.08581322 -0.02912856 -0.99588560 0.00000000
-0.07034129 0.98851610 -0.20410050 1.00000000

0.99858510 0.03480134 0.04020807 0.00000000
0.03307263 -0.99853240 0.04288860 0.00000000
0.04164165 -0.04149813 -0.99827080 0.00000000
-0.04725510 0.99196520 -0.18509860 1.00000000

0.99736290 0.05822662 0.04332522 0.00000000
-0.05632623 0.99744850 -0.04386179 0.00000000
-0.04576859 0.04130578 0.99809770 0.00000000
-0.10272940 1.00121900 -0.21186820 1.00000000

0.98955330 0.13396580 0.05326656 0.00000000
0.13149260 -0.99017770 0.04751588 0.00000000
0.05910888 -0.04001534 -0.99744900 0.00000000
-0.05944188 1.07134800 -0.12513620 1.00000000

0.98955330 0.13396580 0.05326656 0.00000000
0.13149260 -0.99017770 0.04751588 0.00000000
0.05910888 -0.04001534 -0.99744900 0.00000000
-0.11198910 1.08088500 -0.18013150 1.00000000

0.89323030 0.43363130 0.11875800 0.00000000
0.43601200 -0.89991720 0.00651063 0.00000000
0.10969560 0.04596447 -0.99290170 0.00000000
-0.07125284 1.00925200 -0.20222460 1.00000000

0.98955330 0.13396580 0.05326656 0.00000000
0.13149260 -0.99017770 0.04751588 0.00000000
0.05910888 -0.04001534 -0.99744900 0.00000000
-0.03816837 1.12211500 -0.13850890 1.00000000

0.98955330 0.13396580 0.05326656 0.00000000
-0.13149260 0.99017760 -0.04751595 0.00000000
-0.05910888 0.04001540 0.99744900 0.00000000
-0.10765950 1.03897100 -0.21522500 1.00000000

0.93570720 0.34366960 0.07964563 0.00000000
-0.33945940 0.93858340 -0.06187314 0.00000000
-0.09601775 0.03085870 0.99490110 0.00000000
-0.15768650 0.97006860 -0.19069870 1.00000000

0.98955330 0.13396580 0.05326656 0.00000000
-0.13149260 0.99017760 -0.04751595 0.00000000
-0.05910888 0.04001540 0.99744900 0.00000000
-0.17195410 1.05611600 -0.13119260 1.00000000

0.98418940 -0.16995650 -0.04986036 0.00000000
0.17196480 0.98432360 0.03918217 0.00000000
0.04241940 -0.04713687 0.99798730 0.00000000
-0.13968490 1.00613400 -0.20387140 1.00000000

0.98955330 0.13396580 0.05326656 0.00000000
0.12320890 -0.97770520 0.17003740 0.00000000
0.07485819 -0.16169820 -0.98399700 0.00000000
-0.05944188 1.07134800 -0.12513620 1.00000000

0.98955330 0.13396580 0.05326656 0.00000000
-0.12320880 0.97770480 -0.17003740 0.00000000
-0.07485807 0.16169820 0.98399690 0.00000000
-0.17195410 1.05611600 -0.13119260 1.00000000

0.98955330 0.13396580 0.05326656 0.00000000
0.13149260 -0.99017770 0.04751588 0.00000000
0.05910888 -0.04001534 -0.99744900 0.00000000
-0.08387253 1.04021500 -0.18565810 1.00000000

0.98955330 0.13396580 0.05326656 0.00000000
-0.13149260 0.99017760 -0.04751595 0.00000000
-0.05910888 0.04001540 0.99744900 0.00000000
-0.13396260 1.03385000 -0.18829790 1.00000000

0.98955330 0.13396580 0.05326656 0.00000000
0.12884520 -0.98756130 0.09011830 0.00000000
0.06467667 -0.08231375 -0.99450560 0.00000000
-0.02226588 1.03461500 -0.16693900 1.00000000

0.98955330 0.13396580 0.05326656 0.00000000
-0.12943670 0.98827910 -0.08093393 0.00000000
-0.06348443 0.07319383 0.99529500 0.00000000
-0.19340770 1.01115400 -0.17600790 1.00000000

0.98955330 0.13396580 0.05326656 0.00000000
-0.13149260 0.99017760 -0.04751595 0.00000000
-0.05910888 0.04001540 0.99744900 0.00000000
-0.11592820 1.08324600 -0.17297210 1.00000000

0.98955330 0.13396580 0.05326656 0.00000000
-0.13149260 0.99017760 -0.04751595 0.00000000
-0.05910888 0.04001540 0.99744900 0.00000000
-0.20441220 1.09954100 -0.14693170 1.00000000

0.98955330 0.13396580 0.05326656 0.00000000
-0.13149260 0.99017760 -0.04751595 0.00000000
-0.05910888 0.04001540 0.99744900 0.00000000
-0.11832220 1.08002800 -0.18047240 1.00000000

0.98955330 0.13396580 0.05326656 0.00000000
-0.13979840 0.98193490 0.12751540 0.00000000
-0.03522152 -0.13362990 0.99040520 0.00000000
-0.17721650 1.05324900 -0.17194770 1.00000000

-0.30847040 0.94591300 -0.10047300 0.00000000
0.60779650 0.11474570 -0.78575880 0.00000000
-0.73173080 -0.30345050 -0.61031830 0.00000000
-0.04261696 0.81583650 -0.07867661 1.00000000

0.27926700 0.68069850 -0.67724410 0.00000000
0.52645310 -0.69839210 -0.48486710 0.00000000
-0.80303030 -0.22112990 -0.55339360 0.00000000
0.13631840 0.84961760 -0.31000400 1.00000000

0.27926710 0.68069800 -0.67724460 0.00000000
0.00166276 -0.70564840 -0.70856060 0.00000000
-0.96021230 0.19675160 -0.19819610 0.00000000
0.28056670 0.65825870 -0.44285800 1.00000000

0.69246850 0.46123900 -0.55474840 0.00000000
-0.08531001 -0.71119310 -0.69780160 0.00000000
-0.71638670 0.53053110 -0.45313050 0.00000000
0.28084100 0.54182660 -0.55977050 1.00000000

-0.56792000 -0.39715320 0.72092750 0.00000000
-0.79733660 0.48282280 -0.36212870 0.00000000
-0.20425970 -0.78048190 -0.59086940 0.00000000
0.23739560 0.46160660 -0.59454550 1.00000000

-0.16922370 -0.93297490 -0.31768190 0.00000000
-0.66947540 -0.12774020 0.73176840 0.00000000
-0.72330240 0.33651270 -0.60298690 0.00000000
0.28952740 0.42834630 -0.61252390 1.00000000

-0.68083410 -0.20170110 0.70411780 0.00000000
0.11532150 0.91982420 0.37500030 0.00000000
-0.72330240 0.33651270 -0.60298690 0.00000000
0.26872900 0.42437780 -0.58979020 1.00000000

-0.04651073 -0.83666000 -0.54574490 0.00000000
-0.62727090 -0.40072540 0.66779490 0.00000000
-0.77741120 0.37338930 -0.50617440 0.00000000
0.26929880 0.44425130 -0.62507230 1.00000000

-0.61428830 -0.27771600 0.73859570 0.00000000
0.13521120 0.88512980 0.44526830 0.00000000
-0.77741120 0.37338930 -0.50617440 0.00000000
0.24447710 0.42839430 -0.59864710 1.00000000

-0.04389495 -0.67225210 -0.73902010 0.00000000
-0.55761250 -0.59729990 0.57645560 0.00000000
-0.82894030 0.43739040 -0.34863770 0.00000000
0.24862630 0.45947300 -0.63718240 1.00000000

-0.53267020 -0.42714420 0.73062340 0.00000000
0.17064910 0.79135200 0.58706200 0.00000000
-0.82894030 0.43739040 -0.34863770 0.00000000
0.22718810 0.43650920 -0.61501970 1.00000000

-0.17469930 -0.71864750 -0.67307250 0.00000000
-0.46710150 -0.54127750 0.69916700 0.00000000
-0.86677380 0.43653710 -0.24112050 0.00000000
0.21948320 0.47144400 -0.64551340 1.00000000

-0.44575180 -0.46136050 0.76710610 0.00000000
0.22362660 0.77238730 0.59448230 0.00000000
-0.86677380 0.43653710 -0.24112050 0.00000000
0.20163870 0.45076580 -0.61880360 1.00000000

-0.64285460 0.49636230 -0.58340620 0.00000000
-0.75611230 -0.53311160 0.37958720 0.00000000
-0.12260770 0.68513980 0.71801880 0.00000000
0.21605780 0.51597800 -0.61636700 1.00000000

-0.97803920 -0.20700260 -0.02428976 0.00000000
0.17345420 -0.87301490 0.45580580 0.00000000
-0.11555800 0.44158290 0.88974770 0.00000000
0.19107460 0.49836300 -0.60382490 1.00000000

0.51432040 0.60826410 -0.60455700 0.00000000
0.00166276 -0.70564840 -0.70856060 0.00000000
-0.85759670 0.36342200 -0.36394050 0.00000000
0.28072460 0.59122200 -0.51017130 1.00000000

-0.51898400 0.30603620 -0.79812130 0.00000000
0.70321920 -0.37794710 -0.60219510 0.00000000
-0.48594120 -0.87378380 -0.01906219 0.00000000
0.13630540 0.84961490 -0.31001420 1.00000000

0.44278340 -0.87791160 0.18224690 0.00000000
0.40549330 0.01478044 -0.91397850 0.00000000
0.79969880 0.47859440 0.36253180 0.00000000
-0.08437458 0.81211590 -0.02347140 1.00000000

-0.47743640 -0.36805880 -0.79786410 0.00000000
0.76462380 0.27334170 -0.58363930 0.00000000
0.43290310 -0.88871660 0.15092320 0.00000000
-0.20375180 0.80776480 0.24560340 1.00000000

-0.47742370 -0.36805780 -0.79787220 0.00000000
0.53529130 -0.84191990 0.06807393 0.00000000
-0.69679970 -0.39459390 0.59897070 0.00000000
-0.41325820 0.73286970 0.40552120 1.00000000

0.18343220 -0.10217380 -0.97770810 0.00000000
0.11972370 -0.98485800 0.12538290 0.00000000
-0.97571460 -0.14005430 -0.16842200 0.00000000
-0.50158190 0.87178640 0.39428890 1.00000000

-0.07235569 0.28759730 0.95501450 0.00000000
-0.99365970 -0.10339990 -0.04414544 0.00000000
0.08605231 -0.95215340 0.29325520 0.00000000
-0.49877760 0.95124600 0.33762820 1.00000000

0.13965760 -0.87266580 0.46792100 0.00000000
-0.25114750 0.42588270 0.86922320 0.00000000
-0.95782100 -0.23891090 -0.15969000 0.00000000
-0.55217350 0.97711690 0.34870410 1.00000000

-0.03363624 -0.31907510 0.94713220 0.00000000
-0.42506860 0.86225280 0.27538460 0.00000000
-0.90453600 -0.39333340 -0.16463180 0.00000000
-0.54437090 0.96388550 0.32169910 1.00000000

0.16929940 -0.97191380 0.16346770 0.00000000
-0.09945935 0.14816690 0.98394820 0.00000000
-0.98053330 -0.18284020 -0.07158139 0.00000000
-0.52547800 0.98198320 0.35345720 1.00000000

0.01269698 -0.13432230 0.99085640 0.00000000
-0.33339940 0.93366250 0.13084120 0.00000000
-0.94270010 -0.33201220 -0.03292835 0.00000000
-0.52154230 0.97612010 0.31452130 1.00000000

0.07690603 -0.99689800 -0.01672938 0.00000000
-0.03286088 -0.01930429 0.99927350 0.00000000
-0.99649680 -0.07630052 -0.03424352 0.00000000
-0.49856790 0.98666940 0.35781300 1.00000000

0.13868510 -0.23199530 0.96277970 0.00000000
-0.25112830 0.93216020 0.26079140 0.00000000
-0.95796720 -0.27794910 0.07101598 0.00000000
-0.49730460 0.98741160 0.31939430 1.00000000

-0.08263460 -0.14541080 -0.98591450 0.00000000
0.14095240 -0.98105820 0.13288050 0.00000000
-0.98656150 -0.12798650 0.10156530 0.00000000
-0.45898310 0.98787710 0.36036880 1.00000000

-0.02770367 -0.48158260 -0.87596290 0.00000000
0.16102340 -0.86700500 0.47156510 0.00000000
-0.98656150 -0.12798650 0.10156530 0.00000000
-0.46436780 1.02535600 0.35529270 1.00000000

-0.93947360 0.31313590 -0.13905130 0.00000000
-0.15728930 -0.03362193 0.98698000 0.00000000
0.30438380 0.94911300 0.08083990 0.00000000
-0.44010970 0.89745750 0.36389640 1.00000000

-0.48426220 0.15558570 0.86097820 0.00000000
0.36809450 -0.85650280 0.36181380 0.00000000
0.79372330 0.49213420 0.35750160 0.00000000
-0.43491210 0.89856920 0.33128520 1.00000000

-0.18029850 -0.19262410 -0.96456650 0.00000000
0.53529130 -0.84191990 0.06807393 0.00000000
-0.82520060 -0.50405050 0.25490680 0.00000000
-0.46411130 0.81285240 0.39905430 1.00000000

0.98874890 0.05336037 -0.13974330 0.00000000
-0.13743290 0.69289130 -0.70782330 0.00000000
0.05905733 0.71906500 0.69242890 0.00000000
-0.22030740 0.83377320 0.23400810 1.00000000

0.94579890 0.10016010 0.30892210 0.00000000
0.29591460 -0.65768420 -0.69273840 0.00000000
0.13378820 0.74660560 -0.65167570 0.00000000
0.09331015 0.36311340 -0.13928670 1.00000000

0.94579890 0.10016010 0.30892210 0.00000000
-0.11402970 -0.78825800 0.60468750 0.00000000
0.30407560 -0.60713900 -0.73411220 0.00000000
0.15841140 0.21842290 -0.29168920 1.00000000

0.96592610 -0.00000010 0.25881910 0.00000000
-0.00000005 -1.00000000 0.00000001 0.00000000
0.25881890 -0.00000011 -0.96592610 0.00000000
0.13926310 0.07255095 -0.18576920 1.00000000

0.96592610 -0.00000010 0.25881910 0.00000000
-0.00000005 -1.00000000 0.00000001 0.00000000
0.25881890 -0.00000011 -0.96592610 0.00000000
0.16086580 0.02705100 -0.25673260 1.00000000

-0.29545500 -0.44038410 -0.84780200 0.00000000
0.55514490 0.64307860 -0.52750750 0.00000000
0.77750920 -0.62650770 0.05447611 0.00000000
-0.08103497 0.37659460 0.10052070 1.00000000

-0.29545520 -0.44038430 -0.84780190 0.00000000
-0.21645770 0.89519910 -0.38956990 0.00000000
0.93051180 0.06841271 -0.35981590 0.00000000
-0.20316690 0.23511730 0.21657230 1.00000000

0.04834962 0.00000006 -0.99883060 0.00000000
0.00000008 1.00000000 0.00000004 0.00000000
0.99883060 -0.00000012 0.04834962 0.00000000
-0.16857960 0.07255113 0.28896260 1.00000000

0.04834962 0.00000006 -0.99883060 0.00000000
0.00000008 1.00000000 0.00000004 0.00000000
0.99883060 -0.00000012 0.04834962 0.00000000
-0.24275040 0.02705109 0.28787540 1.00000000

1.00000000 0.00000000 0.00000000 0.00000000
0.00000000 1.00000000 0.00000000 0.00000000
0.00000000 0.00000000 1.00000000 0.00000000
0.00000000 0.00000000 0.00000000 1.00000000

1.00000000 0.00000000 0.00000000 0.00000000
0.00000000 1.00000000 0.00000000 0.00000000
0.00000000 0.00000000 1.00000000 0.00000000
0.00000000 0.00000000 0.00000000 1.00000000

1.00000000 0.00000000 0.00000000 0.00000000
0.00000000 1.00000000 0.00000000 0.00000000
0.00000000 0.00000000 1.00000000 0.00000000
0.00000000 0.00000000 0.00000000 1.00000000

0.59696780 -0.03841396 -0.80134500 0.00000000
-0.15463220 0.97461410 -0.16191430 0.00000000
0.78722190 0.22057130 0.57587330 0.00000000
0.00595285 0.41774270 -0.02624083 1.00000000

0.59473450 0.07556830 -0.80036260 0.00000000
-0.07106999 0.99661640 0.04128735 0.00000000
0.80077460 0.03232676 0.59809280 0.00000000
-0.00710256 0.48979700 -0.03560533 1.00000000

0.65512370 0.05620414 -0.75342820 0.00000000
-0.06409748 0.99776840 0.01869713 0.00000000
0.75279780 0.03604389 0.65726430 0.00000000
-0.01591577 0.59534930 -0.03054677 1.00000000

0.62536170 0.07128963 -0.77707190 0.00000000
-0.31469920 0.93428730 -0.16754670 0.00000000
0.71406390 0.34932120 0.60670220 0.00000000
-0.02199060 0.67972820 -0.03023082 1.00000000

0.62059970 0.07514504 -0.78051860 0.00000000
-0.36367100 0.90945050 -0.20160110 0.00000000
0.69469370 0.40896560 0.59173290 0.00000000
-0.07541577 0.85683160 -0.05697791 1.00000000

0.99009800 0.13133100 0.04957995 0.00000000
-0.13669780 0.98234660 0.12770570 0.00000000
-0.03193292 -0.13321850 0.99057220 0.00000000
-0.09673801 0.90580880 -0.04903356 1.00000000

0.99008700 0.13141150 0.04958692 0.00000000
-0.12930870 0.99065060 -0.04347928 0.00000000
-0.05483690 0.03663630 0.99782300 0.00000000
-0.10783570 1.00380100 -0.08698517 1.00000000

0.99981460 0.01785122 -0.00721231 0.00000000
-0.01811068 0.99912560 -0.03767974 0.00000000
0.00653341 0.03780344 0.99926380 0.00000000
-0.13117870 0.97793690 -0.20388280 1.00000000

0.98568510 0.16154860 0.04823840 0.00000000
-0.15942970 0.98618450 -0.04497065 0.00000000
-0.05483690 0.03663630 0.99782300 0.00000000
-0.10030440 0.99436390 -0.21235150 1.00000000

0.96269550 0.26093220 0.07163674 0.00000000
0.25784260 -0.96491300 0.04959777 0.00000000
0.08206481 -0.02927653 -0.99619700 0.00000000
-0.06894225 0.98840130 -0.20241460 1.00000000

0.99881610 0.03213860 0.03652105 0.00000000
0.03055596 -0.99860370 0.04309547 0.00000000
0.03785491 -0.04192856 -0.99840350 0.00000000
-0.04576946 0.99176950 -0.18350500 1.00000000

0.99771200 0.05484107 0.03953853 0.00000000
-0.05309421 0.99762160 -0.04395412 0.00000000
-0.04185495 0.04175432 0.99825080 0.00000000
-0.10131990 1.00113800 -0.21005090 1.00000000

0.99009170 0.13138190 0.04957241 0.00000000
0.12901280 -0.99046560 0.04830864 0.00000000
0.05544651 -0.04143455 -0.99760170 0.00000000
-0.05752538 1.07115600 -0.12347010 1.00000000

0.99007710 0.13148150 0.04959956 0.00000000
0.12916370 -0.99049160 0.04736525 0.00000000
0.05535558 -0.04048884 -0.99764570 0.00000000
-0.11024920 1.08083700 -0.17830680 1.00000000

0.89481760 0.43128110 0.11531750 0.00000000
0.43363160 -0.90107550 0.00516528 0.00000000
0.10613730 0.04538330 -0.99331540 0.00000000
-0.06978755 1.00908800 -0.20052680 1.00000000

0.99009800 0.13133100 0.04957995 0.00000000
0.12901860 -0.99051450 0.04728155 0.00000000
0.05531907 -0.04041669 -0.99765060 0.00000000
-0.03617502 1.12194700 -0.13696060 1.00000000

0.99009800 0.13133070 0.04957986 0.00000000
-0.12901150 0.99050940 -0.04740230 0.00000000
-0.05533463 0.04053660 0.99764470 0.00000000
-0.10616360 1.03891500 -0.21338910 1.00000000

0.93693300 0.34112700 0.07608539 0.00000000
-0.33711020 0.93949110 -0.06093366 0.00000000
-0.09226766 0.03144161 0.99523780 0.00000000
-0.15630290 0.97015640 -0.18867460 1.00000000

0.99016910 0.13077730 0.04962191 0.00000000
-0.12847460 0.99059500 -0.04707141 0.00000000
-0.05531102 0.04023352 0.99765840 0.00000000
-0.17009680 1.05621800 -0.12912600 1.00000000

0.98348510 -0.17290760 -0.05348253 0.00000000
0.17504330 0.98381980 0.03818864 0.00000000
0.04601416 -0.04691964 0.99783830 0.00000000
-0.13823280 1.00618100 -0.20191980 1.00000000

0.99009800 0.13133100 0.04957995 0.00000000
0.12121520 -0.97797720 0.16990480 0.00000000
0.07080173 -0.16221260 -0.98421270 0.00000000
-0.05752573 1.07117800 -0.12350180 1.00000000

0.99009910 0.13133000 0.04955986 0.00000000
-0.12121140 0.97796320 -0.16998680 0.00000000
-0.07079205 0.16229650 0.98419930 0.00000000
-0.17009990 1.05624600 -0.12913910 1.00000000

0.99009800 0.13133070 0.04957986 0.00000000
0.12901160 -0.99050950 0.04740230 0.00000000
0.05533463 -0.04053657 -0.99764490 0.00000000
-0.08226161 1.04008600 -0.18392730 1.00000000

0.99009800 0.13133070 0.04957986 0.00000000
-0.12901150 0.99050940 -0.04740230 0.00000000
-0.05533463 0.04053660 0.99764470 0.00000000
-0.13238160 1.03387800 -0.18636380 1.00000000

0.99009800 0.13133100 0.04957995 0.00000000
0.12654160 -0.98788910 0.08979221 0.00000000
0.06077200 -0.08262915 -0.99472580 0.00000000
-0.02060084 1.03432000 -0.16542570 1.00000000

0.99009800 0.13133100 0.04957995 0.00000000
-0.12708340 0.98859240 -0.08083630 0.00000000
-0.05963066 0.07373507 0.99549350 0.00000000
-0.19183910 1.01133100 -0.17386140 1.00000000

0.99008490 0.13142560 0.04959220 0.00000000
-0.12910820 0.99049880 -0.04736255 0.00000000
-0.05534559 0.04049024 0.99764600 0.00000000
-0.11415400 1.08320000 -0.17113500 1.00000000

0.99010050 0.13129370 0.04963034 0.00000000
-0.12896980 0.99051240 -0.04745099 0.00000000
-0.05538934 0.04058045 0.99763990 0.00000000
-0.20250130 1.09975000 -0.14477440 1.00000000

0.99019800 0.13061120 0.04948631 0.00000000
-0.12829990 0.99060570 -0.04732212 0.00000000
-0.05520219 0.04050920 0.99765320 0.00000000
-0.11659070 1.08001100 -0.17862250 1.00000000

0.99009800 0.13133100 0.04957995 0.00000000
-0.13669780 0.98234660 0.12770570 0.00000000
-0.03193292 -0.13321850 0.99057220 0.00000000
-0.17552000 1.05338000 -0.16987360 1.00000000

-0.28588950 0.95471370 -0.08239527 0.00000000
0.62170010 0.11935990 -0.77410740 0.00000000
-0.72921640 -0.27253440 -0.62766950 0.00000000
-0.04081025 0.81586830 -0.07763155 1.00000000

0.30354910 0.68487220 -0.66242590 0.00000000
0.49406110 -0.70760000 -0.50517930 0.00000000
-0.81471590 -0.17393210 -0.55316010 0.00000000
0.14221830 0.85100790 -0.30552880 1.00000000

0.30354920 0.68487150 -0.66242650 0.00000000
-0.05843914 -0.68053950 -0.73037740 0.00000000
-0.95102230 0.26041700 -0.16655400 0.00000000
0.27759120 0.65712590 -0.44394830 1.00000000

0.72942220 0.43428830 -0.52852380 0.00000000
-0.11910650 -0.68019130 -0.72329400 0.00000000
-0.67361530 0.59053700 -0.44441990 0.00000000
0.26794870 0.54483690 -0.56446050 1.00000000

-0.60376500 -0.38400870 0.69857400 0.00000000
-0.75891490 0.54507710 -0.35628560 0.00000000
-0.24395960 -0.74527100 -0.62052830 0.00000000
0.22004870 0.46880010 -0.60261880 1.00000000

-0.14494150 -0.89150950 -0.42918870 0.00000000
-0.69158450 -0.21893030 0.68831740 0.00000000
-0.70760380 0.39658590 -0.58482200 0.00000000
0.27023940 0.43288500 -0.62100880 1.00000000

-0.70272270 -0.38466070 0.59851260 0.00000000
0.02099863 0.82966070 0.55787330 0.00000000
-0.71115420 0.40459810 -0.57494380 0.00000000
0.24875400 0.42608350 -0.59962490 1.00000000

-0.00973624 -0.77137880 -0.63630210 0.00000000
-0.65785900 -0.47428950 0.58503950 0.00000000
-0.75307830 0.42429300 -0.50284070 0.00000000
0.25127330 0.45047360 -0.63327910 1.00000000

-0.65350840 -0.45070260 0.60810740 0.00000000
0.04095158 0.78116790 0.62297670 0.00000000
-0.75581100 0.43202330 -0.49204260 0.00000000
0.22524120 0.43170550 -0.61012860 1.00000000

0.00466707 -0.58606570 -0.81025040 0.00000000
-0.58343110 -0.65965440 0.47377660 0.00000000
-0.81214950 0.47051420 -0.34500760 0.00000000
0.23181350 0.46739440 -0.64514140 1.00000000

-0.57562390 -0.58602580 0.57029000 0.00000000
0.07643858 0.65580340 0.75105230 0.00000000
-0.81413440 0.47591570 -0.33270120 0.00000000
0.20938300 0.44203330 -0.62692670 1.00000000

-0.12292170 -0.64041190 -0.75813140 0.00000000
-0.51978470 -0.60921750 0.59889740 0.00000000
-0.84540780 0.46768250 -0.25799010 0.00000000
0.20363300 0.48148960 -0.65346040 1.00000000

-0.51520930 -0.61489530 0.59704570 0.00000000
0.13126590 0.63178600 0.76394750 0.00000000
-0.84695280 0.47196450 -0.24478720 0.00000000
0.18377590 0.45821590 -0.63058100 1.00000000

-0.56386330 0.58040830 -0.58752390 0.00000000
-0.82114020 -0.47002090 0.32374290 0.00000000
-0.08824557 0.66498630 0.74162420 0.00000000
0.20258000 0.52513870 -0.62283080 1.00000000

-0.98879290 -0.08425903 -0.12324590 0.00000000
0.02566032 -0.90914760 0.41568290 0.00000000
-0.14707360 0.40786170 0.90112070 0.00000000
0.17544800 0.50960850 -0.61213370 1.00000000

0.55361120 0.58672710 -0.59098710 0.00000000
-0.05843914 -0.68053950 -0.73037740 0.00000000
-0.83072250 0.43888180 -0.34246650 0.00000000
0.27203950 0.59247460 -0.51333420 1.00000000

-0.50025340 0.33622770 -0.79793340 0.00000000
0.70345160 -0.37951450 -0.60093670 0.00000000
-0.50487890 -0.86192770 -0.04666664 0.00000000
0.14220610 0.85100570 -0.30553870 1.00000000

0.41614420 -0.89205250 0.17625700 0.00000000
0.42374360 0.01874567 -0.90558840 0.00000000
0.80452810 0.45154300 0.38580220 0.00000000
-0.08332600 0.81149540 -0.02305642 1.00000000

-0.48968180 -0.29367320 -0.82095550 0.00000000
0.80412920 0.21184380 -0.55542640 0.00000000
0.33702810 -0.93213640 0.13241510 0.00000000
-0.20807600 0.80597690 0.24354840 1.00000000

-0.48966800 -0.29367310 -0.82096370 0.00000000
0.39861700 -0.91281100 0.08877131 0.00000000
-0.77545450 -0.28378160 0.56403770 0.00000000
-0.42840690 0.74793220 0.39573590 1.00000000

0.23967260 -0.12386560 -0.96291980 0.00000000
0.05650005 -0.98836730 0.14120200 0.00000000
-0.96920840 -0.08824731 -0.22988610 0.00000000
-0.49417930 0.89854590 0.38108830 1.00000000

-0.11723220 0.30261870 0.94587480 0.00000000
-0.99300560 -0.04916833 -0.10734300 0.00000000
0.01402304 -0.95184270 0.30626610 0.00000000
-0.48333980 0.97704330 0.32405520 1.00000000

0.06067523 -0.87332280 0.48334840 0.00000000
-0.28219870 0.44947610 0.84754660 0.00000000
-0.95743540 -0.18782550 -0.21917870 0.00000000
-0.53581370 1.00594100 0.33143980 1.00000000

-0.11188410 -0.30531550 0.94565560 0.00000000
-0.39321610 0.88756050 0.24003610 0.00000000
-0.91261330 -0.34499080 -0.21935890 0.00000000
-0.52704640 0.99197620 0.30510830 1.00000000

0.10417900 -0.97770880 0.18229750 0.00000000
-0.15384390 0.16524690 0.97417950 0.00000000
-0.98258780 -0.12953460 -0.13319930 0.00000000
-0.50924800 1.00939000 0.33786560 1.00000000

-0.05824265 -0.12287460 0.99071180 0.00000000
-0.28865380 0.95207940 0.10111370 0.00000000
-0.95566030 -0.28008370 -0.09091997 0.00000000
-0.50316020 1.00285100 0.29931620 1.00000000

0.02226351 -0.99974690 -0.00327154 0.00000000
-0.09777924 -0.00543410 0.99519340 0.00000000
-0.99495920 -0.02183672 -0.09787542 0.00000000
-0.48245300 1.01264200 0.34391020 1.00000000

0.06365755 -0.22765390 0.97165930 0.00000000
-0.21508060 0.94762370 0.23611350 0.00000000
-0.97451940 -0.22401550 0.01135930 0.00000000
-0.47869380 1.01285100 0.30564840 1.00000000

-0.02731502 -0.15251310 -0.98792410 0.00000000
0.07738360 -0.98564950 0.15002230 0.00000000
-0.99662720 -0.07235128 0.03872517 0.00000000
-0.44310720 1.01170400 0.34900670 1.00000000

0.00168580 -0.48984690 -0.87180710 0.00000000
0.08204569 -0.86880090 0.48831660 0.00000000
-0.99662720 -0.07235128 0.03872517 0.00000000
-0.44606340 1.04935800 0.34327570 1.00000000

-0.90977640 0.36258750 -0.20208140 0.00000000
-0.22176890 -0.01304001 0.97501220 0.00000000
0.35089220 0.93185850 0.09227421 0.00000000
-0.42955570 0.92043260 0.35451260 1.00000000

-0.52897700 0.19231710 0.82655780 0.00000000
0.29598020 -0.87101540 0.39208140 0.00000000
0.79534850 0.45204690 0.40382520 0.00000000
-0.42222750 0.92086420 0.32229670 1.00000000

-0.13797320 -0.15537950 -0.97817220 0.00000000
0.39861700 -0.91281100 0.08877131 0.00000000
-0.90667960 -0.37766810 0.18788030 0.00000000
-0.46627600 0.83464960 0.38730260 1.00000000

0.99237230 0.02958147 -0.11967510 0.00000000
-0.10536270 0.70750680 -0.69880830 0.00000000
0.06399906 0.70608740 0.70522680 0.00000000
-0.22625200 0.83800650 0.23008200 1.00000000

0.94407110 0.09600551 0.31545700 0.00000000
0.29630540 -0.66676280 -0.68383530 0.00000000
0.14468270 0.73906060 -0.65791850 0.00000000
0.09529612 0.36340020 -0.14226270 1.00000000

0.94407110 0.09600551 0.31545700 0.00000000
-0.12708840 -0.77682660 0.61675730 0.00000000
0.30426730 -0.62235350 -0.72117830 0.00000000
0.16048330 0.21671240 -0.29270650 1.00000000

0.96575960 -0.00060563 0.25943850 0.00000000
-0.00048659 -1.00000000 -0.00052257 0.00000000
0.25943850 0.00037843 -0.96575990 0.00000000
0.13896950 0.07283619 -0.18453480 1.00000000

0.96575960 -0.00060563 0.25943850 0.00000000
-0.00048659 -1.00000000 -0.00052257 0.00000000
0.25943850 0.00037843 -0.96575990 0.00000000
0.16059570 0.02736273 -0.25550810 1.00000000

-0.30239490 -0.45266010 -0.83884220 0.00000000
0.54693100 0.63835500 -0.54163580 0.00000000
0.78065600 -0.62257670 0.05453858 0.00000000
-0.08187918 0.37480150 0.09557016 1.00000000

-0.30239500 -0.45266030 -0.83884200 0.00000000
-0.20792310 0.89017600 -0.40540700 0.00000000
0.93022860 0.05182157 -0.36330330 0.00000000
-0.20220400 0.23436340 0.21473000 1.00000000

0.04910916 0.00040597 -0.99879340 0.00000000
0.00036870 0.99999990 0.00042451 0.00000000
0.99879350 -0.00038907 0.04910898 0.00000000
-0.16916200 0.07279015 0.29000770 1.00000000

0.04910916 0.00040597 -0.99879340 0.00000000
0.00036870 0.99999990 0.00042451 0.00000000
0.99879350 -0.00038907 0.04910898 0.00000000
-0.24334870 0.02731800 0.28884480 1.00000000

1.00000000 0.00000000 0.00000000 0.00000000
0.00000000 1.00000000 0.00000000 0.00000000
0.00000000 0.00000000 1.00000000 0.00000000
0.00000000 0.00000000 0.00000000 1.00000000

1.00000000 0.00000000 0.00000000 0.00000000
0.00000000 1.00000000 0.00000000 0.00000000
0.00000000 0.00000000 1.00000000 0.00000000
0.00000000 0.00000000 0.00000000 1.00000000

1.00000000 0.00000000 0.00000000 0.00000000
0.00000000 1.00000000 0.00000000 0.00000000
0.00000000 0.00000000 1.00000000 0.00000000
0.00000000 0.00000000 0.00000000 1.00000000

0.61063060 -0.02846421 -0.79140380 0.00000000
-0.15272220 0.97636110 -0.15295380 0.00000000
0.77704960 0.21426320 0.59184890 0.00000000
0.00739669 0.41600880 -0.03426829 1.00000000

0.60615280 0.08974084 -0.79026930 0.00000000
-0.07354213 0.99568130 0.05665857 0.00000000
0.79194090 0.02377432 0.61013480 0.00000000
-0.00554523 0.48811590 -0.04301071 1.00000000

0.66817620 0.07187919 -0.74052270 0.00000000
-0.06559463 0.99713760 0.03760137 0.00000000
0.74110590 0.02344996 0.67097850 0.00000000
-0.01465760 0.59349570 -0.03628855 1.00000000

0.64138020 0.08458390 -0.76254640 0.00000000
-0.30364750 0.94073490 -0.15104970 0.00000000
0.70457760 0.32842560 0.62905250 0.00000000
-0.02078262 0.67767830 -0.03431927 1.00000000

0.62927500 0.09437442 -0.77143140 0.00000000
-0.36528290 0.91204480 -0.18639340 0.00000000
0.68598940 0.39908340 0.60840050 0.00000000
-0.07221479 0.85582940 -0.05781798 1.00000000

0.99083050 0.12796920 0.04334435 0.00000000
-0.13251000 0.98303600 0.12681180 0.00000000
-0.02638102 -0.13139260 0.99097940 0.00000000
-0.09356030 0.90493180 -0.04901217 1.00000000

0.99079500 0.12823610 0.04336756 0.00000000
-0.12636370 0.99103090 -0.04347556 0.00000000
-0.04855371 0.03759525 0.99811290 0.00000000
-0.10454760 1.00289900 -0.08708339 1.00000000

0.99980360 0.01453649 -0.01347592 0.00000000
-0.01504412 0.99915030 -0.03836752 0.00000000
0.01290688 0.03856269 0.99917290 0.00000000
-0.12869560 0.97701730 -0.20381410 1.00000000

0.98628470 0.15962800 0.04196569 0.00000000
-0.15774910 0.98646100 -0.04483017 0.00000000
-0.04855371 0.03759525 0.99811290 0.00000000
-0.09782116 0.99333700 -0.21248670 1.00000000

0.96420170 0.25692330 0.06561598 0.00000000
0.25407370 -0.96595600 0.04874246 0.00000000
0.07590526 -0.03032626 -0.99665400 0.00000000
-0.06641922 0.98728230 -0.20273930 1.00000000

0.99912480 0.02872453 0.03040656 0.00000000
0.02735121 -0.99862800 0.04465809 0.00000000
0.03164756 -0.04378734 -0.99853980 0.00000000
-0.04309959 0.99054540 -0.18399280 1.00000000

0.99821250 0.04971631 0.03316543 0.00000000
-0.04819044 0.99780940 -0.04532140 0.00000000
-0.03534594 0.04364219 0.99842190 0.00000000
-0.09878848 0.99999520 -0.21016560 1.00000000

0.99080680 0.12816180 0.04331425 0.00000000
0.12587680 -0.99068650 0.05191358 0.00000000
0.04956424 -0.04598404 -0.99771180 0.00000000
-0.05422560 1.06996100 -0.12390210 1.00000000

0.99078970 0.12827300 0.04338360 0.00000000
0.12616260 -0.99083220 0.04832220 0.00000000
0.04918411 -0.04240379 -0.99788950 0.00000000
-0.10724830 1.07978000 -0.17850760 1.00000000

0.89696930 0.42841630 0.10911150 0.00000000
0.43058670 -0.90254030 0.00403163 0.00000000
0.10020490 0.04336580 -0.99402140 0.00000000
-0.06717270 1.00785300 -0.20084760 1.00000000

0.99083050 0.12796920 0.04334435 0.00000000
0.12586870 -0.99087760 0.04815507 0.00000000
0.04911140 -0.04225779 -0.99789900 0.00000000
-0.03280327 1.12085100 -0.13766300 1.00000000

0.99083070 0.12796780 0.04334426 0.00000000
-0.12585140 0.99086380 -0.04847946 0.00000000
-0.04915196 0.04257999 0.99788330 0.00000000
-0.10352640 1.03781400 -0.21351180 1.00000000

0.93864070 0.33776110 0.06979269 0.00000000
-0.33397720 0.94063490 -0.06053987 0.00000000
-0.08609739 0.03351603 0.99572290 0.00000000
-0.15380170 0.96928190 -0.18841420 1.00000000

0.99105970 0.12613370 0.04348502 0.00000000
-0.12406570 0.99114260 -0.04737133 0.00000000
-0.04907504 0.04155277 0.99793030 0.00000000
-0.16687470 1.05539300 -0.12889220 1.00000000

0.98239900 -0.17714150 -0.05927250 0.00000000
0.17940610 0.98314110 0.03531576 0.00000000
0.05201733 -0.04532800 0.99761700 0.00000000
-0.13563370 1.00524400 -0.20181990 1.00000000

0.99083050 0.12796920 0.04334435 0.00000000
0.11884960 -0.97809800 0.17087900 0.00000000
0.06426227 -0.16416070 -0.98433840 0.00000000
-0.05422718 1.07003500 -0.12400630 1.00000000

0.99083230 0.12796960 0.04330346 0.00000000
-0.11884580 0.97806930 -0.17104440 0.00000000
-0.06424218 0.16432990 0.98431130 0.00000000
-0.16688460 1.05548500 -0.12893460 1.00000000

0.99083070 0.12796780 0.04334426 0.00000000
0.12585130 -0.99086390 0.04847950 0.00000000
0.04915196 -0.04258010 -0.99788360 0.00000000
-0.07943502 1.03890500 -0.18424150 1.00000000

0.99083070 0.12796780 0.04334426 0.00000000
-0.12585140 0.99086380 -0.04847946 0.00000000
-0.04915196 0.04257999 0.99788330 0.00000000
-0.12959870 1.03292700 -0.18631910 1.00000000

0.99083050 0.12796920 0.04334435 0.00000000
0.12367800 -0.98820220 0.09033632 0.00000000
0.05439320 -0.08414721 -0.99496780 0.00000000
-0.01768201 1.03294500 -0.16608070 1.00000000

0.99083050 0.12796920 0.04334435 0.00000000
-0.12412920 0.98887210 -0.08200010 0.00000000
-0.05335537 0.07586789 0.99568940 0.00000000
-0.18905250 1.01058500 -0.17344950 1.00000000

0.99080480 0.12816030 0.04336897 0.00000000
-0.12605080 0.99084640 -0.04831738 0.00000000
-0.04916430 0.04240638 0.99789000 0.00000000
-0.11109980 1.08215900 -0.17131780 1.00000000

0.99083450 0.12790090 0.04345277 0.00000000
-0.12577900 0.99087230 -0.04849486 0.00000000
-0.04925853 0.04258490 0.99787780 0.00000000
-0.19923490 1.09906700 -0.14445350 1.00000000

0.99115370 0.12554860 0.04303196 0.00000000
-0.12345880 0.99117820 -0.04820440 0.00000000
-0.04870445 0.04246528 0.99791020 0.00000000
-0.11360750 1.07901500 -0.17877950 1.00000000

0.99083050 0.12796920 0.04334435 0.00000000
-0.13251000 0.98303600 0.12681180 0.00000000
-0.02638102 -0.13139260 0.99097940 0.00000000
-0.17256180 1.05256800 -0.16963050 1.00000000

-0.24936850 0.96701200 -0.05199320 0.00000000
0.64245260 0.12502150 -0.75605860 0.00000000
-0.72461730 -0.22194030 -0.65243570 0.00000000
-0.03753720 0.81507810 -0.07876810 1.00000000

0.33908900 0.68643360 -0.64329430 0.00000000
0.43357890 -0.72088380 -0.54068120 0.00000000
-0.83488210 -0.09557986 -0.54206680 0.00000000
0.15160090 0.85188450 -0.30135180 1.00000000

0.33908900 0.68643270 -0.64329520 0.00000000
-0.16283770 -0.63065940 -0.75878380 0.00000000
-0.92655430 0.36204790 -0.10207260 0.00000000
0.27040170 0.65436270 -0.44949880 1.00000000

0.79961260 0.37178610 -0.47158780 0.00000000
-0.16423610 -0.61997220 -0.76724270 0.00000000
-0.57762150 0.69094830 -0.43467680 0.00000000
0.24353330 0.55030390 -0.57469800 1.00000000

-0.67705780 -0.34645630 0.64927730 0.00000000
-0.67174220 0.65129860 -0.35294870 0.00000000
-0.30059200 -0.67511360 -0.67369610 0.00000000
0.18885650 0.48280840 -0.61927210 1.00000000

-0.03577060 -0.78038430 -0.62427680 0.00000000
-0.74488340 -0.39562790 0.53724080 0.00000000
-0.66623540 0.48423030 -0.56714320 0.00000000
0.23527430 0.44218070 -0.63776400 1.00000000

-0.68064460 -0.69326730 0.23686260 0.00000000
-0.25249620 0.52548860 0.81247040 0.00000000
-0.68772750 0.49319640 -0.53271810 0.00000000
0.21213320 0.42988990 -0.62107380 1.00000000

0.12578310 -0.62053170 -0.77402800 0.00000000
-0.71098660 -0.60051770 0.36589130 0.00000000
-0.69186500 0.50430020 -0.51672460 0.00000000
0.21911300 0.46257460 -0.64970270 1.00000000

-0.65864520 -0.72414030 0.20446850 0.00000000
-0.24293430 0.46183000 0.85305120 0.00000000
-0.71215840 0.51218530 -0.48010050 0.00000000
0.19097860 0.43881160 -0.63522410 1.00000000

0.16318490 -0.40187050 -0.90103880 0.00000000
-0.61414580 -0.75613600 0.22601630 0.00000000
-0.77213730 0.51648660 -0.37019690 0.00000000
0.20236430 0.48234350 -0.66129480 1.00000000

-0.57779320 -0.80716810 0.12097450 0.00000000
-0.20510070 0.28705490 0.93569950 0.00000000
-0.78999290 0.51582870 -0.33140890 0.00000000
0.17875260 0.45327310 -0.65260520 1.00000000

0.04761383 -0.47238510 -0.88010540 0.00000000
-0.61099780 -0.71081230 0.34846420 0.00000000
-0.79019920 0.52115060 -0.32247060 0.00000000
0.17646470 0.50016640 -0.66987350 1.00000000

-0.56504090 -0.81555490 0.12489750 0.00000000
-0.16592680 0.26061120 0.95107870 0.00000000
-0.80820630 0.51667410 -0.28257830 0.00000000
0.15312320 0.47301160 -0.65656130 1.00000000

-0.36946930 0.71804680 -0.58983140 0.00000000
-0.92852140 -0.31028950 0.20388470 0.00000000
-0.03661969 0.62300010 0.78136440 0.00000000
0.17912200 0.54186880 -0.63673180 1.00000000

-0.92675650 0.18575790 -0.32652230 0.00000000
-0.29038390 -0.90566140 0.30895710 0.00000000
-0.23832740 0.38114490 0.89326860 0.00000000
0.14844200 0.53161620 -0.62999520 1.00000000

0.61011480 0.54002370 -0.57977100 0.00000000
-0.16283770 -0.63065940 -0.75878380 0.00000000
-0.77539930 0.55735360 -0.29683830 0.00000000
0.25493210 0.59445010 -0.52158330 1.00000000

-0.47014910 0.38386600 -0.79473710 0.00000000
0.70232340 -0.38261830 -0.60028780 0.00000000
-0.53451090 -0.84038680 -0.08971053 0.00000000
0.15159130 0.85188320 -0.30136000 1.00000000

0.37184850 -0.91359590 0.16453380 0.00000000
0.45144420 0.02310061 -0.89200040 0.00000000
0.81112690 0.40596670 0.42102740 0.00000000
-0.08117313 0.80975910 -0.02516986 1.00000000

-0.48108960 -0.18372730 -0.85720300 0.00000000
0.86672610 0.04718407 -0.49654770 0.00000000
0.13167590 -0.98184420 0.13654150 0.00000000
-0.21407820 0.80295860 0.23743460 1.00000000

-0.48107480 -0.18373020 -0.85721080 0.00000000
0.12986000 -0.98194030 0.13758550 0.00000000
-0.86700840 -0.04512838 0.49624610 0.00000000
-0.45156060 0.79003050 0.37348940 1.00000000

0.35304610 -0.17286150 -0.91949860 0.00000000
-0.05501513 -0.98491900 0.16403690 0.00000000
-0.93398700 -0.00732610 -0.35723180 0.00000000
-0.47298810 0.95205080 0.35078750 1.00000000

-0.21332680 0.33930150 0.91616960 0.00000000
-0.97013120 0.03728068 -0.23969820 0.00000000
-0.11548510 -0.93993860 0.32121410 0.00000000
-0.44740060 1.02756400 0.29443840 1.00000000

-0.08569835 -0.86082180 0.50163920 0.00000000
-0.34935850 0.49748650 0.79401270 0.00000000
-0.93306180 -0.10720620 -0.34336920 0.00000000
-0.49747140 1.06126700 0.29418110 1.00000000

-0.26459880 -0.26639660 0.92683360 0.00000000
-0.33732560 0.92594110 0.16983800 0.00000000
-0.90343730 -0.26770560 -0.33486530 0.00000000
-0.48661760 1.04581200 0.26951280 1.00000000

-0.01244291 -0.97740380 0.21101420 0.00000000
-0.26600250 0.20666200 0.94155930 0.00000000
-0.96389200 -0.04441443 -0.26256310 0.00000000
-0.47179170 1.06249700 0.30407890 1.00000000

-0.20068290 -0.08829018 0.97567000 0.00000000
-0.20966730 0.97672490 0.04525976 0.00000000
-0.95695660 -0.19548310 -0.21452330 0.00000000
-0.46126570 1.05432000 0.26682050 1.00000000

-0.07063986 -0.99736600 0.01647277 0.00000000
-0.22936110 0.03231194 0.97280510 0.00000000
-0.97077470 0.06494068 -0.23103940 0.00000000
-0.44585350 1.06350000 0.31363340 1.00000000

-0.08761698 -0.20412190 0.97501700 0.00000000
-0.15544150 0.96959280 0.18901820 0.00000000
-0.98395180 -0.13499670 -0.11668180 0.00000000
-0.43703540 1.06225800 0.27623250 1.00000000

0.09025967 -0.17808440 -0.97986710 0.00000000
-0.03532894 -0.98383640 0.17555160 0.00000000
-0.99529140 0.01877259 -0.09509227 0.00000000
-0.40779490 1.05917400 0.32401460 1.00000000

0.07203650 -0.51314150 -0.85527580 0.00000000
-0.06485148 -0.85809870 0.50937310 0.00000000
-0.99529140 0.01877259 -0.09509227 0.00000000
-0.40644530 1.09675900 0.31730840 1.00000000

-0.83708420 0.43694940 -0.32918880 0.00000000
-0.34972970 0.03530981 0.93618520 0.00000000
0.42068920 0.89879290 0.12325680 0.00000000
-0.40364980 0.96725240 0.33282550 1.00000000

-0.61400460 0.26307410 0.74417130 0.00000000
0.15883970 -0.88234940 0.44297820 0.00000000
0.77315490 0.39019450 0.49997990 0.00000000
-0.39209350 0.96608640 0.30189260 1.00000000

-0.05160740 -0.14526600 -0.98804590 0.00000000
0.12986000 -0.98194030 0.13758550 0.00000000
-0.99018840 -0.12120710 0.06953976 0.00000000
-0.46389780 0.88331540 0.36041890 1.00000000

0.99590060 -0.01087890 -0.08979827 0.00000000
-0.05357775 0.72891130 -0.68250850 0.00000000
0.07287988 0.68452160 0.72534050 0.00000000
-0.24002350 0.86183370 0.21573500 1.00000000

0.94140740 0.08964746 0.32513900 0.00000000
0.29611860 -0.68116830 -0.66956960 0.00000000
0.16144920 0.72661750 -0.66780320 0.00000000
0.09876194 0.36311240 -0.14938030 1.00000000

0.94140740 0.08964746 0.32513900 0.00000000
-0.14719320 -0.75817000 0.63522620 0.00000000
0.30345710 -0.64586480 -0.70055150 0.00000000
0.16390800 0.21325540 -0.29668550 1.00000000

0.96564530 -0.00181737 0.25985750 0.00000000
-0.00153487 -0.99999790 -0.00129012 0.00000000
0.25985930 0.00084700 -0.96564620 0.00000000
0.13874690 0.07264289 -0.18506420 1.00000000

0.96564530 -0.00181737 0.25985750 0.00000000
-0.00153487 -0.99999790 -0.00129012 0.00000000
0.25985930 0.00084700 -0.96564620 0.00000000
0.16035620 0.02720124 -0.25606290 1.00000000

-0.31349240 -0.47112440 -0.82447830 0.00000000
0.53295650 0.63130800 -0.56338940 0.00000000
0.78592620 -0.61602940 0.05317852 0.00000000
-0.08246838 0.37156070 0.08550216 1.00000000

