MeshAnim
1
40
75
30
0.58743190 -0.04542184 -0.80799790 0.00000000
-0.15571390 0.97342340 -0.16792870 0.00000000
0.79415180 0.22446320 0.56474710 0.00000000
0.00538873 0.41847160 -0.02266045 1.00000000

0.58662470 0.06566115 -0.80719270 0.00000000
-0.06929000 0.99712240 0.03075469 0.00000000
0.80688940 0.03788896 0.58948620 0.00000000
-0.00772682 0.49049030 -0.03244285 1.00000000

0.64608380 0.04516488 -0.76192900 0.00000000
-0.06312601 0.99798970 0.00562960 0.00000000
0.76065160 0.04446036 0.64763610 0.00000000
-0.01633110 0.59614120 -0.02851855 1.00000000

0.61451180 0.06211243 -0.78645860 0.00000000
-0.32237150 0.92963700 -0.17846970 0.00000000
0.72003610 0.36320370 0.59129620 0.00000000
-0.02236984 0.68059690 -0.02932614 1.00000000

0.91763990 0.30854410 -0.25047510 0.00000000
-0.36294510 0.90739010 -0.21192950 0.00000000
0.16188900 0.28538370 0.94464180 0.00000000
-0.07718316 0.85693590 -0.05822860 1.00000000

0.98955330 0.13396600 0.05326670 0.00000000
-0.13979850 0.98193490 0.12751540 0.00000000
-0.03522170 -0.13362990 0.99040510 0.00000000
-0.09848472 0.90584950 -0.05086561 1.00000000

0.98955330 0.13396600 0.05326670 0.00000000
-0.13169810 0.99031140 -0.04403432 0.00000000
-0.05864960 0.03655918 0.99760900 0.00000000
-0.10970550 1.00382400 -0.08881895 1.00000000

0.99978440 0.02047692 -0.00345537 0.00000000
-0.02059293 0.99907210 -0.03782344 0.00000000
0.00267759 0.03788644 0.99927840 0.00000000
-0.13254620 0.97789260 -0.20580070 1.00000000

0.98516690 0.16355460 0.05192441 0.00000000
-0.16126520 0.98585670 -0.04560927 0.00000000
-0.05864960 0.03655918 0.99760900 0.00000000
-0.10168270 0.99439760 -0.21415550 1.00000000

0.96164540 0.26380180 0.07514706 0.00000000
0.26052740 -0.96413730 0.05064902 0.00000000
0.08581337 -0.02912851 -0.99588560 0.00000000
-0.07034126 0.98851610 -0.20410050 1.00000000

0.99858530 0.03480148 0.04020825 0.00000000
0.03307263 -0.99853240 0.04288854 0.00000000
0.04164177 -0.04149810 -0.99827060 0.00000000
-0.04725509 0.99196520 -0.18509860 1.00000000

0.99736300 0.05822667 0.04332536 0.00000000
-0.05632630 0.99744860 -0.04386179 0.00000000
-0.04576865 0.04130577 0.99809770 0.00000000
-0.10272940 1.00121900 -0.21186820 1.00000000

0.98955330 0.13396600 0.05326670 0.00000000
0.13149260 -0.99017760 0.04751586 0.00000000
0.05910900 -0.04001532 -0.99744900 0.00000000
-0.05944185 1.07134800 -0.12513620 1.00000000

0.98955330 0.13396600 0.05326670 0.00000000
0.13149260 -0.99017760 0.04751586 0.00000000
0.05910900 -0.04001532 -0.99744900 0.00000000
-0.11198910 1.08088500 -0.18013150 1.00000000

0.89323050 0.43363140 0.11875810 0.00000000
0.43601210 -0.89991720 0.00651063 0.00000000
0.10969570 0.04596451 -0.99290180 0.00000000
-0.07125282 1.00925200 -0.20222460 1.00000000

0.98955330 0.13396600 0.05326670 0.00000000
0.13149260 -0.99017760 0.04751586 0.00000000
0.05910900 -0.04001532 -0.99744900 0.00000000
-0.03816837 1.12211500 -0.13850890 1.00000000

0.98955330 0.13396600 0.05326670 0.00000000
-0.13149260 0.99017760 -0.04751595 0.00000000
-0.05910900 0.04001539 0.99744920 0.00000000
-0.10765940 1.03897100 -0.21522500 1.00000000

0.93570720 0.34366960 0.07964572 0.00000000
-0.33945950 0.93858330 -0.06187311 0.00000000
-0.09601805 0.03085862 0.99490090 0.00000000
-0.15768650 0.97006880 -0.19069870 1.00000000

0.98955330 0.13396600 0.05326670 0.00000000
-0.13149260 0.99017760 -0.04751595 0.00000000
-0.05910900 0.04001539 0.99744920 0.00000000
-0.17195410 1.05611600 -0.13119260 1.00000000

0.98418960 -0.16995650 -0.04986036 0.00000000
0.17196480 0.98432370 0.03918221 0.00000000
0.04241934 -0.04713687 0.99798740 0.00000000
-0.13968490 1.00613400 -0.20387140 1.00000000

0.98723610 0.13076570 0.09091482 0.00000000
0.13776200 -0.98758600 -0.07546964 0.00000000
0.07991728 0.08703099 -0.99299470 0.00000000
-0.05944185 1.07134800 -0.12513620 1.00000000

0.98796100 0.13143450 0.08159941 0.00000000
-0.13797260 0.98716370 0.08044414 0.00000000
-0.06997889 -0.09073419 0.99341330 0.00000000
-0.17195410 1.05611600 -0.13119260 1.00000000

0.98955330 0.13396600 0.05326670 0.00000000
0.13149260 -0.99017760 0.04751586 0.00000000
0.05910900 -0.04001532 -0.99744900 0.00000000
-0.08387252 1.04021500 -0.18565810 1.00000000

0.98955330 0.13396600 0.05326670 0.00000000
-0.13149260 0.99017760 -0.04751595 0.00000000
-0.05910900 0.04001539 0.99744920 0.00000000
-0.13396260 1.03385000 -0.18829790 1.00000000

0.98955330 0.13396600 0.05326670 0.00000000
0.12884520 -0.98756130 0.09011829 0.00000000
0.06467682 -0.08231372 -0.99450560 0.00000000
-0.02226586 1.03461500 -0.16693900 1.00000000

0.98955330 0.13396600 0.05326670 0.00000000
-0.12943680 0.98827920 -0.08093393 0.00000000
-0.06348458 0.07319379 0.99529500 0.00000000
-0.19340770 1.01115400 -0.17600790 1.00000000

0.98955330 0.13396600 0.05326670 0.00000000
-0.13149260 0.99017760 -0.04751595 0.00000000
-0.05910900 0.04001539 0.99744920 0.00000000
-0.11592820 1.08324600 -0.17297210 1.00000000

0.98955330 0.13396600 0.05326670 0.00000000
-0.13149260 0.99017760 -0.04751595 0.00000000
-0.05910900 0.04001539 0.99744920 0.00000000
-0.20441220 1.09954100 -0.14693170 1.00000000

0.98955330 0.13396600 0.05326670 0.00000000
-0.13149260 0.99017760 -0.04751595 0.00000000
-0.05910900 0.04001539 0.99744920 0.00000000
-0.11832220 1.08002800 -0.18047240 1.00000000

0.98955330 0.13396600 0.05326670 0.00000000
-0.13979850 0.98193490 0.12751540 0.00000000
-0.03522170 -0.13362990 0.99040510 0.00000000
-0.17721650 1.05324900 -0.17194770 1.00000000

-0.30847040 0.94591300 -0.10047300 0.00000000
0.60779650 0.11474570 -0.78575880 0.00000000
-0.73173080 -0.30345050 -0.61031830 0.00000000
-0.04261696 0.81583650 -0.07867661 1.00000000

0.72224250 0.62835280 0.28903130 0.00000000
0.42558150 -0.07433205 -0.90186210 0.00000000
-0.54520360 0.77436940 -0.32110100 0.00000000
0.13631840 0.84961760 -0.31000400 1.00000000

0.72224340 0.62835440 0.28902550 0.00000000
-0.47736150 0.75526650 -0.44910910 0.00000000
-0.50049100 0.18639660 0.84543810 0.00000000
0.25292820 0.82925100 -0.55711410 1.00000000

0.80706440 0.53526170 -0.24928420 0.00000000
-0.57529490 0.80789780 -0.12781810 0.00000000
0.13298020 0.24656950 0.95995840 0.00000000
0.17416340 0.95387000 -0.63121710 1.00000000

-0.70631660 -0.69389400 0.14010260 0.00000000
0.04113925 0.15734430 0.98668680 0.00000000
-0.70670020 0.70267680 -0.08258864 0.00000000
0.08725151 0.99804460 -0.62602160 1.00000000

-0.84775720 0.47142970 -0.24302780 0.00000000
-0.53001210 -0.77018000 0.35483840 0.00000000
-0.01989400 0.42962450 0.90278890 0.00000000
0.08755782 1.02859600 -0.68271090 1.00000000

-0.59590020 -0.73015200 0.33433750 0.00000000
0.80281270 -0.53132060 0.27053870 0.00000000
-0.01989400 0.42962450 0.90278890 0.00000000
0.07109205 1.00466900 -0.67168730 1.00000000

-0.67849340 0.68959020 -0.25320530 0.00000000
-0.73412780 -0.64894790 0.19980840 0.00000000
-0.02653107 0.32145390 0.94655380 0.00000000
0.09207392 1.03513700 -0.65520720 1.00000000

-0.63021710 -0.74038910 0.23377480 0.00000000
0.77596590 -0.59033190 0.22222880 0.00000000
-0.02653107 0.32145390 0.94655380 0.00000000
0.06302387 1.00945700 -0.64730050 1.00000000

-0.51649560 0.84549360 -0.13554900 0.00000000
-0.85615530 -0.51271380 0.06421229 0.00000000
-0.01520669 0.14921660 0.98868790 0.00000000
0.09573373 1.04133000 -0.62774890 1.00000000

-0.71482840 -0.69300830 0.09359682 0.00000000
0.69913510 -0.70531890 0.11720260 0.00000000
-0.01520669 0.14921660 0.98868790 0.00000000
0.06281792 1.02161800 -0.62528020 1.00000000

-0.63010840 0.77413650 -0.06063762 0.00000000
-0.77509720 -0.63174760 -0.01095000 0.00000000
-0.04678437 0.04010057 0.99809980 0.00000000
0.09187883 1.04342900 -0.59545730 1.00000000

-0.70330430 -0.71087560 -0.00440565 0.00000000
0.70934830 -0.70217410 0.06146064 0.00000000
-0.04678437 0.04010057 0.99809980 0.00000000
0.06226825 1.01929500 -0.59587540 1.00000000

0.15544730 0.38917680 0.90795270 0.00000000
-0.88226390 -0.35874340 0.30481780 0.00000000
0.44435010 -0.84843680 0.28759070 0.00000000
0.12495820 1.00589100 -0.57698720 1.00000000

-0.67518800 -0.05797088 0.73536470 0.00000000
-0.70339300 -0.24966070 -0.66551390 0.00000000
0.22217210 -0.96659670 0.12779130 0.00000000
0.09580657 0.99403700 -0.56691540 1.00000000

0.83638360 0.54724990 0.03131175 0.00000000
-0.47736150 0.75526650 -0.44910910 0.00000000
-0.26942350 0.36068070 0.89292820 0.00000000
0.20757880 0.90100140 -0.59977950 1.00000000

-0.51898400 0.30603620 -0.79812130 0.00000000
0.70321920 -0.37794710 -0.60219510 0.00000000
-0.48594120 -0.87378380 -0.01906219 0.00000000
0.12475120 0.86943040 -0.31346070 1.00000000

0.30953080 -0.94500610 0.10561300 0.00000000
0.54376730 0.08479537 -0.83494110 0.00000000
0.78006910 0.31586890 0.54011020 0.00000000
-0.08535013 0.81151710 -0.02398609 1.00000000

0.37072390 -0.71483030 -0.59294300 0.00000000
0.81471940 0.55680230 -0.16187570 0.00000000
0.44586560 -0.42307100 0.78880600 0.00000000
-0.24543500 0.78655360 0.22182020 1.00000000

0.37074300 -0.71482070 -0.59294280 0.00000000
0.34598680 -0.48618170 0.80244650 0.00000000
-0.86188330 -0.50265180 0.06707010 0.00000000
-0.46866840 0.63399060 0.26617450 1.00000000

0.77661220 -0.33331060 -0.53458150 0.00000000
0.14509050 -0.73112600 0.66663580 0.00000000
-0.61304340 -0.59528040 -0.51944120 0.00000000
-0.52575640 0.71421020 0.13377040 1.00000000

-0.70323160 0.52901100 0.47498700 0.00000000
-0.71091560 -0.53077140 -0.46139030 0.00000000
0.00802907 -0.66213980 0.74933730 0.00000000
-0.49832640 0.76301690 0.05378522 1.00000000

-0.01693380 -0.39721100 0.91757120 0.00000000
-0.82286520 0.52685180 0.21288510 0.00000000
-0.56798430 -0.75143250 -0.33577280 0.00000000
-0.55551860 0.76858850 0.02471413 1.00000000

-0.82159690 0.49351370 0.28534720 0.00000000
-0.04871061 0.43794250 -0.89768250 0.00000000
-0.56798430 -0.75143250 -0.33577280 0.00000000
-0.52995400 0.75222040 0.01810028 1.00000000

0.15266080 -0.58073340 0.79965210 0.00000000
-0.74671900 0.46225380 0.47825940 0.00000000
-0.64738330 -0.67012690 -0.36307660 0.00000000
-0.53808040 0.78511330 0.04028540 1.00000000

-0.76178060 0.55380040 0.33614840 0.00000000
-0.02419022 0.49420190 -0.86901090 0.00000000
-0.64738330 -0.67012690 -0.36307660 0.00000000
-0.50853200 0.76682150 0.02136018 1.00000000

0.19278510 -0.75824560 0.62281420 0.00000000
-0.64249830 0.38218890 0.66417430 0.00000000
-0.74163990 -0.52820010 -0.41349120 0.00000000
-0.52015020 0.80136320 0.05512311 1.00000000

-0.66796800 0.52495420 0.52748630 0.00000000
-0.06155431 0.66740380 -0.74214770 0.00000000
-0.74163990 -0.52820010 -0.41349120 0.00000000
-0.49544840 0.78666930 0.02958791 1.00000000

0.05310297 -0.73070650 0.68062340 0.00000000
-0.59033040 0.52676170 0.61158140 0.00000000
-0.80541280 -0.43426960 -0.40338560 0.00000000
-0.49331760 0.81631720 0.06600489 1.00000000

-0.59176520 0.55066760 0.58870970 0.00000000
-0.03352728 0.71286390 -0.70050050 0.00000000
-0.80541280 -0.43426960 -0.40338560 0.00000000
-0.47076560 0.79619380 0.04264088 1.00000000

-0.41398890 -0.63051310 -0.65655660 0.00000000
-0.78016280 -0.12585080 0.61278670 0.00000000
-0.46899800 0.76590770 -0.43980200 0.00000000
-0.47561250 0.77074090 0.10593870 1.00000000

-0.79472600 -0.38369220 0.47030970 0.00000000
0.34007020 0.36034010 0.86862390 0.00000000
-0.50275550 0.85025600 -0.15588940 0.00000000
-0.44983490 0.77490010 0.08569098 1.00000000

0.59873500 -0.54407290 -0.58779340 0.00000000
0.34598680 -0.48618170 0.80244650 0.00000000
-0.72236400 -0.68382170 -0.10285200 0.00000000
-0.50153760 0.68017790 0.18994170 1.00000000

0.99822680 -0.05867205 0.01004362 0.00000000
0.05277243 0.79423210 -0.60531860 0.00000000
0.02753836 0.60477520 0.79591990 0.00000000
-0.25019420 0.79560140 0.21798770 1.00000000

0.94579890 0.10016010 0.30892210 0.00000000
0.29591460 -0.65768420 -0.69273840 0.00000000
0.13378820 0.74660560 -0.65167570 0.00000000
0.09331015 0.36311340 -0.13928670 1.00000000

0.94579890 0.10016010 0.30892210 0.00000000
-0.11402970 -0.78825800 0.60468750 0.00000000
0.30407560 -0.60713900 -0.73411220 0.00000000
0.15841140 0.21842290 -0.29168920 1.00000000

0.96592610 -0.00000010 0.25881910 0.00000000
-0.00000005 -1.00000000 0.00000001 0.00000000
0.25881890 -0.00000011 -0.96592610 0.00000000
0.13926310 0.07255095 -0.18576920 1.00000000

0.96592610 -0.00000010 0.25881910 0.00000000
-0.00000005 -1.00000000 0.00000001 0.00000000
0.25881890 -0.00000011 -0.96592610 0.00000000
0.16086580 0.02705100 -0.25673260 1.00000000

-0.29545500 -0.44038410 -0.84780200 0.00000000
0.55514490 0.64307860 -0.52750750 0.00000000
0.77750920 -0.62650770 0.05447611 0.00000000
-0.08103497 0.37659460 0.10052070 1.00000000

-0.29545520 -0.44038430 -0.84780190 0.00000000
-0.21645770 0.89519910 -0.38956990 0.00000000
0.93051180 0.06841271 -0.35981590 0.00000000
-0.20316690 0.23511730 0.21657230 1.00000000

0.04834962 0.00000006 -0.99883060 0.00000000
0.00000008 1.00000000 0.00000004 0.00000000
0.99883060 -0.00000012 0.04834962 0.00000000
-0.16857960 0.07255113 0.28896260 1.00000000

0.04834962 0.00000006 -0.99883060 0.00000000
0.00000008 1.00000000 0.00000004 0.00000000
0.99883060 -0.00000012 0.04834962 0.00000000
-0.24275040 0.02705109 0.28787540 1.00000000

1.00000000 0.00000000 0.00000000 0.00000000
0.00000000 1.00000000 0.00000000 0.00000000
0.00000000 0.00000000 1.00000000 0.00000000
0.00000000 0.00000000 0.00000000 1.00000000

1.00000000 0.00000000 0.00000000 0.00000000
0.00000000 1.00000000 0.00000000 0.00000000
0.00000000 0.00000000 1.00000000 0.00000000
0.00000000 0.00000000 0.00000000 1.00000000

1.00000000 0.00000000 0.00000000 0.00000000
0.00000000 1.00000000 0.00000000 0.00000000
0.00000000 0.00000000 1.00000000 0.00000000
0.00000000 0.00000000 0.00000000 1.00000000

0.58731420 -0.04464464 -0.80812680 0.00000000
-0.15613810 0.97347160 -0.16725400 0.00000000
0.79415550 0.22441000 0.56476310 0.00000000
0.00594952 0.42013480 -0.02519803 1.00000000

0.58659650 0.06582792 -0.80719970 0.00000000
-0.06936758 0.99711230 0.03090565 0.00000000
0.80690320 0.03786437 0.58946900 0.00000000
-0.00716789 0.49215450 -0.03497108 1.00000000

0.64606350 0.04521791 -0.76194330 0.00000000
-0.06129654 0.99809330 0.00725804 0.00000000
0.76081850 0.04201532 0.64760330 0.00000000
-0.01576751 0.59775570 -0.03102295 1.00000000

0.61518920 0.06352368 -0.78581630 0.00000000
-0.31362290 0.93420490 -0.17000580 0.00000000
0.72331390 0.35103560 0.59463520 0.00000000
-0.02158222 0.68203670 -0.03162023 1.00000000

0.92048140 0.30212810 -0.24785650 0.00000000
-0.35439780 0.91264490 -0.20367000 0.00000000
0.16467060 0.27531420 0.94714620 0.00000000
-0.07473709 0.85913760 -0.05891695 1.00000000

0.98951330 0.13447100 0.05273432 0.00000000
-0.14017990 0.98205950 0.12613010 0.00000000
-0.03482729 -0.13219970 0.99061110 0.00000000
-0.09554641 0.90838070 -0.05108255 1.00000000

0.98951330 0.13447100 0.05273432 0.00000000
-0.13214150 0.99018910 -0.04543442 0.00000000
-0.05832657 0.03798955 0.99757460 0.00000000
-0.10682240 1.00629400 -0.08917499 1.00000000

0.99979280 0.01990453 -0.00429344 0.00000000
-0.02005766 0.99902980 -0.03920729 0.00000000
0.00350896 0.03928521 0.99922190 0.00000000
-0.12975160 0.98008870 -0.20606340 1.00000000

0.98506720 0.16433880 0.05133691 0.00000000
-0.16198990 0.98567220 -0.04700757 0.00000000
-0.05832657 0.03798955 0.99757460 0.00000000
-0.09883870 0.99669240 -0.21449940 1.00000000

0.96122730 0.26564460 0.07399514 0.00000000
0.26229010 -0.96358500 0.05204177 0.00000000
0.08512515 -0.03061577 -0.99589990 0.00000000
-0.06743252 0.99079740 -0.20439410 1.00000000

0.99853120 0.03656254 0.03998530 0.00000000
0.03478067 -0.99840900 0.04438460 0.00000000
0.04154456 -0.04292867 -0.99821410 0.00000000
-0.04435005 0.99436590 -0.18538600 1.00000000

0.99735240 0.05872078 0.04290089 0.00000000
-0.05677260 0.99735900 -0.04529797 0.00000000
-0.04544744 0.04274242 0.99805190 0.00000000
-0.09988698 1.00351300 -0.21222270 1.00000000

0.98951330 0.13447100 0.05273432 0.00000000
0.13193710 -0.99005040 0.04891586 0.00000000
0.05878741 -0.04144523 -0.99740990 0.00000000
-0.05660038 1.07378800 -0.12560780 1.00000000

0.98951330 0.13447100 0.05273432 0.00000000
0.13193710 -0.99005040 0.04891586 0.00000000
0.05878741 -0.04144523 -0.99740990 0.00000000
-0.10915960 1.08314600 -0.18060890 1.00000000

0.89257310 0.43530090 0.11758590 0.00000000
0.43750850 -0.89918110 0.00770527 0.00000000
0.10908510 0.04456738 -0.99303280 0.00000000
-0.06838070 1.01168400 -0.20255400 1.00000000

0.98951330 0.13447100 0.05273432 0.00000000
0.13193710 -0.99005040 0.04891586 0.00000000
0.05878741 -0.04144523 -0.99740990 0.00000000
-0.03536605 1.12463300 -0.13905040 1.00000000

0.98951330 0.13447100 0.05273432 0.00000000
-0.13193710 0.99005050 -0.04891592 0.00000000
-0.05878741 0.04144529 0.99740980 0.00000000
-0.10483920 1.04129200 -0.21563310 1.00000000

0.93493340 0.34590980 0.07903227 0.00000000
-0.34159100 0.93771650 -0.06327087 0.00000000
-0.09599587 0.03215731 0.99486220 0.00000000
-0.15491020 0.97230330 -0.19095190 1.00000000

0.98951330 0.13447100 0.05273432 0.00000000
-0.13193710 0.99005050 -0.04891592 0.00000000
-0.05878741 0.04144529 0.99740980 0.00000000
-0.16910810 1.05849800 -0.13160370 1.00000000

0.98408370 -0.17036110 -0.05056512 0.00000000
0.17233800 0.98431650 0.03769036 0.00000000
0.04335108 -0.04580482 0.99800930 0.00000000
-0.13691470 1.00850200 -0.20417700 1.00000000

0.98717690 0.13123010 0.09088698 0.00000000
0.13819640 -0.98755160 -0.07512500 0.00000000
0.07989690 0.08672191 -0.99302390 0.00000000
-0.05660038 1.07378800 -0.12560780 1.00000000

0.98791070 0.13190480 0.08144754 0.00000000
-0.13840990 0.98712430 0.08017799 0.00000000
-0.06982315 -0.09048188 0.99344770 0.00000000
-0.16910810 1.05849800 -0.13160370 1.00000000

0.98951330 0.13447100 0.05273432 0.00000000
0.13193710 -0.99005040 0.04891586 0.00000000
0.05878741 -0.04144523 -0.99740990 0.00000000
-0.08105166 1.04262600 -0.18606700 1.00000000

0.98951330 0.13447100 0.05273432 0.00000000
-0.13193710 0.99005050 -0.04891592 0.00000000
-0.05878741 0.04144529 0.99740980 0.00000000
-0.13113430 1.03626300 -0.18867670 1.00000000

0.98951330 0.13447100 0.05273432 0.00000000
0.12930300 -0.98737310 0.09151532 0.00000000
0.06437460 -0.08373688 -0.99440630 0.00000000
-0.01942269 1.03701000 -0.16736960 1.00000000

0.98951330 0.13447100 0.05273432 0.00000000
-0.12989170 0.98810400 -0.08233179 0.00000000
-0.06317821 0.07461865 0.99520900 0.00000000
-0.19055740 1.01346200 -0.17634600 1.00000000

0.98951330 0.13447100 0.05273432 0.00000000
-0.13193710 0.99005050 -0.04891592 0.00000000
-0.05878741 0.04144529 0.99740980 0.00000000
-0.11310810 1.08559100 -0.17344180 1.00000000

0.98951330 0.13447100 0.05273432 0.00000000
-0.13193710 0.99005050 -0.04891592 0.00000000
-0.05878741 0.04144529 0.99740980 0.00000000
-0.20160300 1.10197400 -0.14738370 1.00000000

0.98951330 0.13447100 0.05273432 0.00000000
-0.13193710 0.99005050 -0.04891592 0.00000000
-0.05878741 0.04144529 0.99740980 0.00000000
-0.11549250 1.08228600 -0.18094640 1.00000000

0.98951330 0.13447100 0.05273432 0.00000000
-0.14017990 0.98205950 0.12613010 0.00000000
-0.03482729 -0.13219970 0.99061110 0.00000000
-0.17438310 1.05557000 -0.17235280 1.00000000

-0.29958200 0.94963790 -0.09186283 0.00000000
0.60896720 0.11620890 -0.78463690 0.00000000
-0.73444550 -0.29100450 -0.61311230 0.00000000
-0.04055415 0.81790440 -0.07973655 1.00000000

0.72394610 0.62470790 0.29264770 0.00000000
0.41651640 -0.05765389 -0.90729840 0.00000000
-0.54992420 0.77872740 -0.30193920 0.00000000
0.13872580 0.85211630 -0.31073370 1.00000000

0.72394700 0.62470950 0.29264210 0.00000000
-0.48922260 0.76399960 -0.42067340 0.00000000
-0.48637700 0.16137820 0.85871710 0.00000000
0.25285170 0.83631960 -0.55933320 1.00000000

0.80074700 0.54532100 -0.24784960 0.00000000
-0.58071160 0.80819560 -0.09794983 0.00000000
0.14689690 0.22236230 0.96383440 0.00000000
0.17213000 0.96237950 -0.62874430 1.00000000

-0.70103260 -0.70060730 0.13305380 0.00000000
0.05587173 0.13204440 0.98966830 0.00000000
-0.71093770 0.70122340 -0.05342323 0.00000000
0.08511952 1.00599400 -0.62106110 1.00000000

-0.85348300 0.47352550 -0.21758040 0.00000000
-0.52106560 -0.78157050 0.34298520 0.00000000
-0.00764209 0.40610560 0.91379440 0.00000000
0.08440772 1.03799800 -0.67693970 1.00000000

-0.58743860 -0.74133890 0.32455050 0.00000000
0.80923320 -0.53431770 0.24422740 0.00000000
-0.00764209 0.40610560 0.91379440 0.00000000
0.06821996 1.01371700 -0.66628410 1.00000000

-0.68534410 0.69267340 -0.22473820 0.00000000
-0.72810150 -0.65734780 0.19432580 0.00000000
-0.01312673 0.29681240 0.95484580 0.00000000
0.08932476 1.04384900 -0.64934930 1.00000000

-0.62327820 -0.74914190 0.22430100 0.00000000
0.78189060 -0.59219000 0.19483040 0.00000000
-0.01312673 0.29681240 0.95484580 0.00000000
0.06051319 1.01783700 -0.64165960 1.00000000

-0.52220350 0.84625590 -0.10561720 0.00000000
-0.85282110 -0.51824120 0.06420630 0.00000000
-0.00040025 0.12360160 0.99233220 0.00000000
0.09338646 1.04934900 -0.62180020 1.00000000

-0.71027380 -0.69856310 0.08672398 0.00000000
0.70392580 -0.70479270 0.08807039 0.00000000
-0.00040025 0.12360160 0.99233220 0.00000000
0.06059879 1.02942500 -0.61933170 1.00000000

-0.63432200 0.77245470 -0.03082269 0.00000000
-0.77243330 -0.63491300 -0.01525661 0.00000000
-0.03135467 0.01413101 0.99940870 0.00000000
0.09002750 1.05059700 -0.58940890 1.00000000

-0.70020540 -0.71384310 -0.01187456 0.00000000
0.71325310 -0.70016340 0.03227684 0.00000000
-0.03135467 0.01413101 0.99940870 0.00000000
0.06051865 1.02634100 -0.58999170 1.00000000

0.16793160 0.36636780 0.91519080 0.00000000
-0.87583270 -0.37065090 0.30908810 0.00000000
0.45245620 -0.85345950 0.25863270 0.00000000
0.12355350 1.01275100 -0.57243090 1.00000000

-0.66335700 -0.08010370 0.74400370 0.00000000
-0.71262000 -0.23574130 -0.66075660 0.00000000
0.22832150 -0.96850900 0.09929699 0.00000000
0.09461448 1.00050400 -0.56221810 1.00000000

0.83377180 0.55121340 0.03144246 0.00000000
-0.48922260 0.76399960 -0.42067340 0.00000000
-0.25590280 0.33536330 0.90666750 0.00000000
0.20637550 0.90889950 -0.59929720 1.00000000

-0.51597060 0.31815020 -0.79533340 0.00000000
0.69974260 -0.37900970 -0.60556790 0.00000000
-0.49410050 -0.86898350 -0.02706562 0.00000000
0.12681110 0.87323120 -0.31410620 1.00000000

0.30026520 -0.94883050 0.09778448 0.00000000
0.54504050 0.08653942 -0.83393170 0.00000000
0.78279730 0.30369710 0.54313570 0.00000000
-0.08333442 0.81348680 -0.02509071 1.00000000

0.36610950 -0.71534740 -0.59518250 0.00000000
0.82022070 0.55016510 -0.15670570 0.00000000
0.43954750 -0.43080950 0.78816340 0.00000000
-0.24379420 0.78800990 0.22041830 1.00000000

0.36612860 -0.71533790 -0.59518210 0.00000000
0.33693230 -0.49429140 0.80134450 0.00000000
-0.86742530 -0.49393120 0.06004632 0.00000000
-0.46853490 0.63726550 0.26335610 1.00000000

0.77765300 -0.33648260 -0.53107010 0.00000000
0.13217820 -0.73833540 0.66135480 0.00000000
-0.61464210 -0.58450040 -0.52969300 0.00000000
-0.52412890 0.71882320 0.13113380 1.00000000

-0.70181630 0.53194210 0.47380590 0.00000000
-0.71234170 -0.51951240 -0.47188600 0.00000000
-0.00486785 -0.66868900 0.74352680 0.00000000
-0.49554440 0.76804470 0.05180991 1.00000000

-0.02856955 -0.40499630 0.91387210 0.00000000
-0.81927680 0.53327660 0.21071730 0.00000000
-0.57268600 -0.74269410 -0.34703930 0.00000000
-0.55243360 0.77444780 0.02231826 1.00000000

-0.81894740 0.49929750 0.28289160 0.00000000
-0.03682598 0.44621520 -0.89416810 0.00000000
-0.57268610 -0.74269420 -0.34703930 0.00000000
-0.52698030 0.75788000 0.01577176 1.00000000

0.14014990 -0.58919130 0.79574620 0.00000000
-0.74599770 0.46560250 0.47613230 0.00000000
-0.65103430 -0.66035470 -0.37428110 0.00000000
-0.53496060 0.79065900 0.03817752 1.00000000

-0.75895400 0.55853100 0.33471250 0.00000000
-0.01198140 0.50197150 -0.86480190 0.00000000
-0.65103420 -0.66035470 -0.37428110 0.00000000
-0.50544070 0.77223470 0.01933636 1.00000000

0.17996140 -0.76555340 0.61769120 0.00000000
-0.64413950 0.38287080 0.66218900 0.00000000
-0.74343680 -0.51704770 -0.42422120 0.00000000
-0.51699240 0.80659680 0.05330488 1.00000000

-0.66703380 0.52707160 0.52655630 0.00000000
-0.04865977 0.67443120 -0.73673280 0.00000000
-0.74343680 -0.51704770 -0.42422120 0.00000000
-0.49222730 0.79187660 0.02784595 1.00000000

0.04008594 -0.73710680 0.67458660 0.00000000
-0.59008560 0.52736120 0.61130140 0.00000000
-0.80634520 -0.42256840 -0.41381630 0.00000000
-0.49010240 0.82118320 0.06453857 1.00000000

-0.59108930 0.55147870 0.58862960 0.00000000
-0.02052540 0.71924110 -0.69445780 0.00000000
-0.80634520 -0.42256840 -0.41381630 0.00000000
-0.46755970 0.80103690 0.04118533 1.00000000

-0.41481560 -0.62054970 -0.66546700 0.00000000
-0.78646760 -0.12328320 0.60520270 0.00000000
-0.45759910 0.77441570 -0.43690260 0.00000000
-0.47318940 0.77508400 0.10421470 1.00000000

-0.80243220 -0.37971340 0.46034870 0.00000000
0.33642210 0.34930180 0.87453360 0.00000000
-0.49287230 0.85662510 -0.15254700 0.00000000
-0.44720350 0.77915830 0.08421750 1.00000000

0.59665440 -0.54630130 -0.58784230 0.00000000
0.33693230 -0.49429140 0.80134450 0.00000000
-0.72834090 -0.67618880 -0.11085450 0.00000000
-0.50054400 0.68422320 0.18722800 1.00000000

0.99760310 -0.06846491 0.01003313 0.00000000
0.06083822 0.79875820 -0.59856870 0.00000000
0.03296694 0.59774420 0.80100880 0.00000000
-0.24846020 0.79712840 0.21666230 1.00000000

0.94575750 0.10023590 0.30902340 0.00000000
0.29407400 -0.66839800 -0.68320170 0.00000000
0.13806930 0.73701880 -0.66161940 0.00000000
0.09387381 0.36489000 -0.14187600 1.00000000

0.94575750 0.10023590 0.30902340 0.00000000
-0.11565300 -0.78501630 0.60858350 0.00000000
0.30359030 -0.61131190 -0.73084260 0.00000000
0.15857010 0.21784250 -0.29218040 1.00000000

0.96591690 -0.00010742 0.25885230 0.00000000
-0.00009250 -1.00000000 -0.00006992 0.00000000
0.25885230 0.00004359 -0.96591700 0.00000000
0.13912520 0.07253721 -0.18553810 1.00000000

0.96591690 -0.00010742 0.25885230 0.00000000
-0.00009250 -1.00000000 -0.00006992 0.00000000
0.25885230 0.00004359 -0.96591700 0.00000000
0.16072620 0.02704015 -0.25650390 1.00000000

-0.29727160 -0.44334940 -0.84561870 0.00000000
0.54220230 0.65061090 -0.53171640 0.00000000
0.78590480 -0.61656050 0.04697692 0.00000000
-0.08043639 0.37814060 0.09796969 1.00000000

-0.29727180 -0.44334970 -0.84561860 0.00000000
-0.19615540 0.89512310 -0.40034720 0.00000000
0.93442630 0.04686074 -0.35306020 0.00000000
-0.19972090 0.23500610 0.21494730 1.00000000

0.04840961 -0.00018843 -0.99882760 0.00000000
0.00061001 0.99999990 -0.00015909 0.00000000
0.99882750 -0.00060160 0.04840970 0.00000000
-0.16883230 0.07256123 0.28925690 1.00000000

0.04840961 -0.00018843 -0.99882760 0.00000000
0.00061001 0.99999990 -0.00015909 0.00000000
0.99882750 -0.00060160 0.04840970 0.00000000
-0.24303080 0.02710626 0.28817250 1.00000000

1.00000000 0.00000000 0.00000000 0.00000000
0.00000000 1.00000000 0.00000000 0.00000000
0.00000000 0.00000000 1.00000000 0.00000000
0.00000000 0.00000000 0.00000000 1.00000000

1.00000000 0.00000000 0.00000000 0.00000000
0.00000000 1.00000000 0.00000000 0.00000000
0.00000000 0.00000000 1.00000000 0.00000000
0.00000000 0.00000000 0.00000000 1.00000000

1.00000000 0.00000000 0.00000000 0.00000000
0.00000000 1.00000000 0.00000000 0.00000000
0.00000000 0.00000000 1.00000000 0.00000000
0.00000000 0.00000000 0.00000000 1.00000000

0.58718120 -0.04379315 -0.80827010 0.00000000
-0.15658330 0.97352940 -0.16649970 0.00000000
0.79416620 0.22432710 0.56478090 0.00000000
0.00675405 0.42165820 -0.02826473 1.00000000

0.58657250 0.06595135 -0.80720700 0.00000000
-0.06945056 0.99710360 0.03099892 0.00000000
0.80691350 0.03787791 0.58945390 0.00000000
-0.00634064 0.49367930 -0.03805917 1.00000000

0.64602720 0.04523780 -0.76197280 0.00000000
-0.06008395 0.99815860 0.00831872 0.00000000
0.76094610 0.04040827 0.64755580 0.00000000
-0.01493864 0.59923960 -0.03409465 1.00000000

0.61602850 0.06507707 -0.78503110 0.00000000
-0.30549460 0.93832170 -0.16194280 0.00000000
0.72607300 0.33958420 0.59791360 0.00000000
-0.02058156 0.68332510 -0.03452094 1.00000000

0.92307940 0.29622430 -0.24530760 0.00000000
-0.34644020 0.91740860 -0.19580720 0.00000000
0.16704470 0.26573010 0.94946500 0.00000000
-0.07219774 0.86110910 -0.06028727 1.00000000

0.98942010 0.13547820 0.05189997 0.00000000
-0.14097710 0.98228490 0.12345780 0.00000000
-0.03425473 -0.12946830 0.99099180 0.00000000
-0.09254436 0.91068430 -0.05200131 1.00000000

0.98942010 0.13547820 0.05189997 0.00000000
-0.13302500 0.98994320 -0.04813239 0.00000000
-0.05789873 0.04071925 0.99749180 0.00000000
-0.10392330 1.00848200 -0.09036122 1.00000000

0.99980440 0.01895535 -0.00565356 0.00000000
-0.01917560 0.99893980 -0.04185214 0.00000000
0.00485426 0.04195242 0.99910780 0.00000000
-0.12699460 0.98175530 -0.20707670 1.00000000

0.98487170 0.16579550 0.05039838 0.00000000
-0.16332740 0.98531910 -0.04970254 0.00000000
-0.05789873 0.04071925 0.99749180 0.00000000
-0.09598992 0.99854310 -0.21566030 1.00000000

0.96041850 0.26909660 0.07199642 0.00000000
0.26558450 -0.96253170 0.05474874 0.00000000
0.08403152 -0.03346063 -0.99590120 0.00000000
-0.06446505 0.99262700 -0.20545590 1.00000000

0.99841640 0.03983898 0.03971624 0.00000000
0.03794955 -0.99816240 0.04724098 0.00000000
0.04152530 -0.04565903 -0.99809370 0.00000000
-0.04139415 0.99641920 -0.18643510 1.00000000

0.99732040 0.05970765 0.04227406 0.00000000
-0.05766232 0.99717900 -0.04805095 0.00000000
-0.04502374 0.04548461 0.99795000 0.00000000
-0.09704221 1.00536400 -0.21340390 1.00000000

0.98942010 0.13547820 0.05189997 0.00000000
0.13282210 -0.98979520 0.05161355 0.00000000
0.05836278 -0.04417406 -0.99731770 0.00000000
-0.05377684 1.07591700 -0.12700530 1.00000000

0.98942010 0.13547820 0.05189997 0.00000000
0.13282210 -0.98979520 0.05161355 0.00000000
0.05836278 -0.04417406 -0.99731770 0.00000000
-0.10635020 1.08494100 -0.18202470 1.00000000

0.89132180 0.43840580 0.11552500 0.00000000
0.44028750 -0.89780030 0.01006718 0.00000000
0.10813200 0.04189108 -0.99325360 0.00000000
-0.06548385 1.01379000 -0.20368640 1.00000000

0.98942010 0.13547820 0.05189997 0.00000000
0.13282210 -0.98979520 0.05161355 0.00000000
0.05836278 -0.04417406 -0.99731770 0.00000000
-0.03261561 1.12690000 -0.14057960 1.00000000

0.98942010 0.13547820 0.05189997 0.00000000
-0.13282210 0.98979510 -0.05161361 0.00000000
-0.05836284 0.04417414 0.99731760 0.00000000
-0.10203690 1.04318800 -0.21691770 1.00000000

0.93346270 0.35008970 0.07800356 0.00000000
-0.34555560 0.93607540 -0.06598519 0.00000000
-0.09611782 0.03464018 0.99476710 0.00000000
-0.15218910 0.97404100 -0.19195130 1.00000000

0.98942010 0.13547820 0.05189997 0.00000000
-0.13282210 0.98979510 -0.05161361 0.00000000
-0.05836284 0.04417414 0.99731760 0.00000000
-0.16627390 1.06051300 -0.13290630 1.00000000

0.98391320 -0.17101510 -0.05165914 0.00000000
0.17291700 0.98431870 0.03488091 0.00000000
0.04488394 -0.04325255 0.99805550 0.00000000
-0.13420560 1.01048600 -0.20527460 1.00000000

0.98704530 0.13215850 0.09097049 0.00000000
0.13907000 -0.98748760 -0.07434937 0.00000000
0.08000624 0.08603736 -0.99307450 0.00000000
-0.05377684 1.07591700 -0.12700530 1.00000000

0.98779650 0.13284420 0.08130515 0.00000000
-0.13929110 0.98705150 0.07954361 0.00000000
-0.06968555 -0.08989797 0.99351020 0.00000000
-0.16627390 1.06051300 -0.13290630 1.00000000

0.98942010 0.13547820 0.05189997 0.00000000
0.13282210 -0.98979520 0.05161355 0.00000000
0.05836278 -0.04417406 -0.99731770 0.00000000
-0.07825337 1.04469300 -0.18735020 1.00000000

0.98942010 0.13547820 0.05189997 0.00000000
-0.13282210 0.98979510 -0.05161361 0.00000000
-0.05836284 0.04417414 0.99731760 0.00000000
-0.12832200 1.03833100 -0.18991190 1.00000000

0.98942010 0.13547820 0.05189997 0.00000000
0.13020530 -0.98700140 0.09420659 0.00000000
0.06398830 -0.08645226 -0.99419900 0.00000000
-0.01658643 1.03905500 -0.16868170 1.00000000

0.98942010 0.13547820 0.05189997 0.00000000
-0.13079050 0.98775740 -0.08502489 0.00000000
-0.06278363 0.07733735 0.99502620 0.00000000
-0.18770470 1.01533300 -0.17751300 1.00000000

0.98942010 0.13547820 0.05189997 0.00000000
-0.13282210 0.98979510 -0.05161361 0.00000000
-0.05836284 0.04417414 0.99731760 0.00000000
-0.11031680 1.08753800 -0.17484580 1.00000000

0.98942010 0.13547820 0.05189997 0.00000000
-0.13282210 0.98979510 -0.05161361 0.00000000
-0.05836284 0.04417414 0.99731760 0.00000000
-0.19883660 1.10407400 -0.14877250 1.00000000

0.98942010 0.13547820 0.05189997 0.00000000
-0.13282210 0.98979510 -0.05161361 0.00000000
-0.05836284 0.04417414 0.99731760 0.00000000
-0.11268250 1.08407400 -0.18235690 1.00000000

0.98942010 0.13547820 0.05189997 0.00000000
-0.14097710 0.98228490 0.12345780 0.00000000
-0.03425473 -0.12946830 0.99099180 0.00000000
-0.17156520 1.05746600 -0.17364470 1.00000000

-0.29135260 0.95295040 -0.08366345 0.00000000
0.61026010 0.11780170 -0.78339370 0.00000000
-0.73667960 -0.27930030 -0.61586930 0.00000000
-0.03836295 0.81976620 -0.08145505 1.00000000

0.72273090 0.62534830 0.29427870 0.00000000
0.40764220 -0.04186459 -0.91218190 0.00000000
-0.55811150 0.77922210 -0.28517490 0.00000000
0.14129770 0.85444700 -0.31208620 1.00000000

0.72273180 0.62535010 0.29427310 0.00000000
-0.50456470 0.76839360 -0.39368270 0.00000000
-0.47230700 0.13604730 0.87087180 0.00000000
0.25299200 0.84297650 -0.56202380 1.00000000

0.79240140 0.55828330 -0.24580510 0.00000000
-0.58906090 0.80499830 -0.07060629 0.00000000
0.15845440 0.20074290 0.96674450 0.00000000
0.16973890 0.96976140 -0.62698150 1.00000000

-0.69295530 -0.70989100 0.12597020 0.00000000
0.06859246 0.10901630 0.99167090 0.00000000
-0.71771090 0.69582370 -0.02685016 0.00000000
0.08246736 1.01239100 -0.61705850 1.00000000

-0.86055160 0.47080450 -0.19440890 0.00000000
-0.50936150 -0.79418050 0.33140380 0.00000000
0.00163072 0.38421450 0.92324270 0.00000000
0.08069251 1.04570500 -0.67214220 1.00000000

-0.57633520 -0.75412580 0.31485300 0.00000000
0.81721230 -0.53261050 0.22020640 0.00000000
0.00163072 0.38421450 0.92324270 0.00000000
0.06486832 1.02103200 -0.66184650 1.00000000

-0.69444920 0.69157510 -0.19865760 0.00000000
-0.71953860 -0.66834510 0.18862510 0.00000000
-0.00232330 0.27393250 0.96174660 0.00000000
0.08594482 1.05094300 -0.64449070 1.00000000

-0.61350790 -0.75987150 0.21495060 0.00000000
0.78968560 -0.58953910 0.16982500 0.00000000
-0.00232330 0.27393250 0.96174660 0.00000000
0.05747203 1.02449600 -0.63702670 1.00000000

-0.53100050 0.84375830 -0.07817091 0.00000000
-0.84728050 -0.52732490 0.06359720 0.00000000
0.01243904 0.10000300 0.99490970 0.00000000
0.09034432 1.05582500 -0.61687700 1.00000000

-0.70286290 -0.70683160 0.07983452 0.00000000
0.71121720 -0.70027770 0.06149590 0.00000000
0.01243904 0.10000300 0.99490970 0.00000000
0.05776964 1.03555100 -0.61443190 1.00000000

-0.64141040 0.76718970 -0.00361693 0.00000000
-0.76699970 -0.64134430 -0.01972988 0.00000000
-0.01745620 -0.00988052 0.99979900 0.00000000
0.08742927 1.05627300 -0.58442180 1.00000000

-0.69404520 -0.71967490 -0.01923028 0.00000000
0.71972020 -0.69424100 0.00570503 0.00000000
-0.01745620 -0.00988052 0.99979900 0.00000000
0.05812804 1.03177200 -0.58517550 1.00000000

0.17754690 0.34604710 0.92126490 0.00000000
-0.86814250 -0.38580340 0.31222520 0.00000000
0.46347180 -0.85522340 0.23191970 0.00000000
0.12151910 1.01834000 -0.56881650 1.00000000

-0.65213200 -0.10374850 0.75097310 0.00000000
-0.71973270 -0.22643750 -0.65628620 0.00000000
0.23813710 -0.96848460 0.07299568 0.00000000
0.09283429 1.00559200 -0.55850010 1.00000000

0.82819060 0.55960090 0.03078157 0.00000000
-0.50456470 0.76839360 -0.39368270 0.00000000
-0.24395760 0.31051310 0.91873120 0.00000000
0.20505840 0.91597390 -0.59942360 1.00000000

-0.51289150 0.32951640 -0.79269250 0.00000000
0.69669400 -0.37972530 -0.60862700 0.00000000
-0.50155780 -0.86442350 -0.03481442 0.00000000
0.12907170 0.87680240 -0.31535770 1.00000000

0.29155610 -0.95225720 0.09056217 0.00000000
0.54655890 0.08814342 -0.83276920 0.00000000
0.78502770 0.29229640 0.54616330 0.00000000
-0.08120158 0.81524060 -0.02686379 1.00000000

0.36281400 -0.71765760 -0.59441900 0.00000000
0.82543390 0.54353580 -0.15240690 0.00000000
0.43246380 -0.43535830 0.78958120 0.00000000
-0.24210830 0.78929150 0.21830310 1.00000000

0.36283330 -0.71764800 -0.59441860 0.00000000
0.32546950 -0.50011870 0.80246560 0.00000000
-0.87316760 -0.48462630 0.05211312 0.00000000
-0.46827750 0.64036350 0.26006300 1.00000000

0.78050940 -0.34096930 -0.52397100 0.00000000
0.11646440 -0.74417650 0.65775200 0.00000000
-0.61419990 -0.57440560 -0.54112580 0.00000000
-0.52198030 0.72288260 0.12765560 1.00000000

-0.70195750 0.53601090 0.46898690 0.00000000
-0.71191420 -0.50879480 -0.48405180 0.00000000
-0.02083889 -0.67366190 0.73874600 0.00000000
-0.49192500 0.77234270 0.04902674 1.00000000

-0.04386815 -0.41090510 0.91062230 0.00000000
-0.81619450 0.54037060 0.20451510 0.00000000
-0.57610970 -0.73427310 -0.35908340 0.00000000
-0.54838220 0.77954210 0.01889571 1.00000000

-0.81709410 0.50589810 0.27645010 0.00000000
-0.02133012 0.45267050 -0.89142300 0.00000000
-0.57610970 -0.73427320 -0.35908340 0.00000000
-0.52302480 0.76275400 0.01254195 1.00000000

0.12435170 -0.59604480 0.79326380 0.00000000
-0.74685040 0.47012280 0.47031840 0.00000000
-0.65326210 -0.65093430 -0.38669560 0.00000000
-0.53093580 0.79546080 0.03507715 1.00000000

-0.75712300 0.56414520 0.32940220 0.00000000
0.00373352 0.50796190 -0.86137190 0.00000000
-0.65326210 -0.65093430 -0.38669560 0.00000000
-0.50138210 0.77685770 0.01646605 1.00000000

0.16448920 -0.77159430 0.61448010 0.00000000
-0.64812350 0.38506130 0.65701140 0.00000000
-0.74355860 -0.50633030 -0.43674980 0.00000000
-0.51298810 0.81110610 0.05053070 1.00000000

-0.66787050 0.53041660 0.52211800 0.00000000
-0.03270480 0.67991780 -0.73255880 0.00000000
-0.74355860 -0.50633030 -0.43674980 0.00000000
-0.48807000 0.79630170 0.02527094 1.00000000

0.02423611 -0.74207450 0.66987930 0.00000000
-0.59195840 0.52932190 0.60778610 0.00000000
-0.80560420 -0.41127110 -0.42644830 0.00000000
-0.48608660 0.82533320 0.06218943 1.00000000

-0.59243620 0.55360300 0.58527200 0.00000000
-0.00462216 0.72414110 -0.68963680 0.00000000
-0.80560420 -0.41127110 -0.42644830 0.00000000
-0.46347220 0.80511200 0.03897041 1.00000000

-0.41312440 -0.61161650 -0.67472500 0.00000000
-0.79499640 -0.11917450 0.59479270 0.00000000
-0.44419480 0.78212730 -0.43699890 0.00000000
-0.47013610 0.77878970 0.10174530 1.00000000

-0.81186220 -0.37442840 0.44797690 0.00000000
0.32938560 0.33978260 0.88093870 0.00000000
-0.48206320 0.86275790 -0.15252530 0.00000000
-0.44386850 0.78272830 0.08209211 1.00000000

0.59580180 -0.55052930 -0.58475450 0.00000000
0.32546950 -0.50011870 0.80246560 0.00000000
-0.73422740 -0.66843020 -0.11879100 0.00000000
-0.49919750 0.68787490 0.18382830 1.00000000

0.99693160 -0.07759625 0.01032677 0.00000000
0.06862476 0.80285590 -0.59221070 0.00000000
0.03766236 0.59110210 0.80571730 0.00000000
-0.24668560 0.79847440 0.21461710 1.00000000

0.94575080 0.09996003 0.30913380 0.00000000
0.29178450 -0.67979830 -0.67285710 0.00000000
0.14288960 0.72655540 -0.67208650 0.00000000
0.09467987 0.36653770 -0.14500030 1.00000000

0.94575080 0.09996003 0.30913380 0.00000000
-0.11812510 -0.78058080 0.61379220 0.00000000
0.30265840 -0.61701080 -0.72642710 0.00000000
0.15887250 0.21698210 -0.29302880 1.00000000

0.96589130 -0.00039988 0.25894790 0.00000000
-0.00034807 -1.00000000 -0.00024546 0.00000000
0.25894790 0.00014696 -0.96589170 0.00000000
0.13897490 0.07245222 -0.18542060 1.00000000

0.96589130 -0.00039988 0.25894790 0.00000000
-0.00034807 -1.00000000 -0.00024546 0.00000000
0.25894790 0.00014696 -0.96589170 0.00000000
0.16057130 0.02696210 -0.25639230 1.00000000

-0.29955020 -0.44693030 -0.84292540 0.00000000
0.52857640 0.65777420 -0.53660070 0.00000000
0.79427760 -0.60628920 0.03920034 0.00000000
-0.07959085 0.37953550 0.09488790 1.00000000

-0.29955040 -0.44693050 -0.84292520 0.00000000
