MeshAnim
1
28
75
30
0.99532320 0.09638920 -0.00638244 0.00000000
-0.09274969 0.93509230 -0.34205240 0.00000000
-0.02700198 0.34104460 0.93965920 0.00000000
0.00334522 0.52988960 -2.53901700 1.00000000

0.99992260 -0.00242385 -0.01220398 0.00000000
-0.00000001 0.98084130 -0.19480790 0.00000000
0.01244236 0.19479290 0.98076550 0.00000000
0.00379093 0.60000670 -2.56436700 1.00000000

0.99970630 -0.00408960 -0.02388974 0.00000000
0.00063413 0.98973800 -0.14289300 0.00000000
0.02422896 0.14283590 0.98944980 0.00000000
0.00396479 0.70269260 -2.58504300 1.00000000

0.99815350 0.00685876 0.06035443 0.00000000
0.00063169 0.99237890 -0.12322220 0.00000000
-0.06073961 0.12303270 0.99054210 0.00000000
0.00234515 0.79213310 -2.59904900 1.00000000

0.99815350 0.00685876 0.06035443 0.00000000
0.00409763 0.98373840 -0.17956070 0.00000000
-0.06060454 0.17947650 0.98189380 0.00000000
0.00200822 0.97839090 -2.61464400 1.00000000

0.99957260 0.01829243 -0.02280592 0.00000000
-0.01600736 0.99519070 0.09663963 0.00000000
0.02446401 -0.09623330 0.99505810 0.00000000
0.00272009 1.03237300 -2.60535100 1.00000000

0.99957260 0.01829243 -0.02280592 0.00000000
-0.01919926 0.99900700 -0.04019939 0.00000000
0.02204795 0.04062002 0.99893140 0.00000000
0.00000227 1.12969800 -2.64640800 1.00000000

0.99705460 -0.07430815 -0.01898487 0.00000000
0.07523438 0.99570720 0.05391660 0.00000000
0.01489695 -0.05518623 0.99836490 0.00000000
-0.03304942 1.11608900 -2.75850300 1.00000000

0.99957260 0.01829243 -0.02280592 0.00000000
-0.01919926 0.99900700 -0.04019939 0.00000000
0.02204795 0.04062002 0.99893140 0.00000000
-0.00271755 1.12260100 -2.77130600 1.00000000

0.99379440 0.10807170 -0.02632912 0.00000000
0.10902570 -0.99331280 0.03798520 0.00000000
-0.02204795 -0.04062002 -0.99893140 0.00000000
0.02833712 1.11715600 -2.76016500 1.00000000

0.99957260 0.01829243 -0.02280592 0.00000000
0.02003603 -0.99669450 0.07872964 0.00000000
-0.02129038 -0.07915291 -0.99663500 0.00000000
0.05385512 1.10088200 -2.74212800 1.00000000

0.99957260 0.01829243 -0.02280592 0.00000000
-0.02003603 0.99669450 -0.07872970 0.00000000
0.02129039 0.07915297 0.99663510 0.00000000
-0.00272024 1.12547600 -2.76911900 1.00000000

0.99957260 0.01829243 -0.02280592 0.00000000
0.02003603 -0.99669450 0.07872964 0.00000000
-0.02129038 -0.07915291 -0.99663500 0.00000000
0.05480921 1.18962200 -2.68895500 1.00000000

0.99957260 0.01829243 -0.02280592 0.00000000
0.02003603 -0.99669450 0.07872964 0.00000000
-0.02129038 -0.07915291 -0.99663500 0.00000000
-0.00037439 1.20863200 -2.73991900 1.00000000

0.99957260 0.01829243 -0.02280592 0.00000000
0.02003603 -0.99669450 0.07872964 0.00000000
-0.02129038 -0.07915291 -0.99663500 0.00000000
0.02956050 1.11860000 -2.76080700 1.00000000

0.99957260 0.01829243 -0.02280592 0.00000000
0.02003603 -0.99669450 0.07872964 0.00000000
-0.02129038 -0.07915291 -0.99663500 0.00000000
0.08085714 1.22768600 -2.70679900 1.00000000

0.99957260 0.01829243 -0.02280592 0.00000000
-0.02003603 0.99669450 -0.07872970 0.00000000
0.02129039 0.07915297 0.99663510 0.00000000
-0.00343914 1.15849400 -2.77414700 1.00000000

0.99957260 0.01829243 -0.02280592 0.00000000
-0.02003603 0.99669450 -0.07872970 0.00000000
0.02129039 0.07915297 0.99663510 0.00000000
-0.05711963 1.09884200 -2.73955500 1.00000000

0.99957260 0.01829243 -0.02280592 0.00000000
-0.02003603 0.99669450 -0.07872970 0.00000000
0.02129039 0.07915297 0.99663510 0.00000000
-0.05884219 1.18754200 -2.68636200 1.00000000

0.99957260 0.01829243 -0.02280592 0.00000000
-0.02003603 0.99669450 -0.07872970 0.00000000
0.02129039 0.07915297 0.99663510 0.00000000
-0.03433488 1.11742000 -2.75932900 1.00000000

0.99977750 0.02047570 -0.00508393 0.00000000
0.02094314 -0.99230840 0.12200570 0.00000000
-0.00254669 -0.12208500 -0.99251650 0.00000000
0.05480921 1.18962200 -2.68895500 1.00000000

0.99975940 0.01976340 -0.00952411 0.00000000
-0.02069011 0.99374200 -0.10976590 0.00000000
0.00729517 0.10993660 0.99391190 0.00000000
-0.05884219 1.18754200 -2.68636200 1.00000000

0.99957260 0.01829243 -0.02280592 0.00000000
0.02003603 -0.99669450 0.07872964 0.00000000
-0.02129038 -0.07915291 -0.99663500 0.00000000
0.02249418 1.15739900 -2.74647100 1.00000000

0.99957260 0.01829243 -0.02280592 0.00000000
-0.02003603 0.99669450 -0.07872970 0.00000000
0.02129039 0.07915297 0.99663510 0.00000000
-0.02802628 1.15647400 -2.74531800 1.00000000

0.99957260 0.01829243 -0.02280592 0.00000000
0.02003603 -0.99669450 0.07872964 0.00000000
-0.02129038 -0.07915291 -0.99663500 0.00000000
0.08429808 1.14611100 -2.73103500 1.00000000

0.99957260 0.01829243 -0.02280592 0.00000000
-0.02003603 0.99669450 -0.07872970 0.00000000
0.02129039 0.07915297 0.99663510 0.00000000
-0.08860798 1.14294700 -2.72709000 1.00000000

0.99957260 0.01829243 -0.02280592 0.00000000
-0.02003603 0.99669450 -0.07872970 0.00000000
0.02129039 0.07915297 0.99663510 0.00000000
-0.00338181 1.20651800 -2.73310100 1.00000000

0.99957260 0.01829243 -0.02280592 0.00000000
-0.02003603 0.99669450 -0.07872970 0.00000000
0.02129039 0.07915297 0.99663510 0.00000000
-0.08703811 1.22456300 -2.70244100 1.00000000

0.99957260 0.01829243 -0.02280592 0.00000000
-0.02003603 0.99669450 -0.07872970 0.00000000
0.02129039 0.07915297 0.99663510 0.00000000
-0.00677165 1.20851500 -2.73977300 1.00000000

0.99957260 0.01829243 -0.02280592 0.00000000
-0.01600736 0.99519070 0.09663963 0.00000000
0.02446401 -0.09623330 0.99505810 0.00000000
-0.06745835 1.18398900 -2.72648700 1.00000000

-0.02173802 0.96793250 -0.25026850 0.00000000
0.96963150 0.08140644 0.23062510 0.00000000
0.24360300 -0.23765500 -0.94030740 0.00000000
0.03681454 0.93301430 -2.60902300 1.00000000

0.34973360 0.55146130 -0.75734880 0.00000000
0.81989950 -0.57128730 -0.03736271 0.00000000
-0.45326750 -0.60788270 -0.65194140 0.00000000
0.32227410 0.95698040 -2.54112700 1.00000000

0.34973550 0.55145880 -0.75734970 0.00000000
-0.03102105 -0.80114140 -0.59767070 0.00000000
-0.93633490 0.23252060 -0.26308070 0.00000000
0.54692670 0.80044810 -2.55136500 1.00000000

0.61747890 0.52719230 -0.58377070 0.00000000
0.02316818 -0.75402360 -0.65643880 0.00000000
-0.78624640 0.39181210 -0.47780770 0.00000000
0.54180820 0.66825970 -2.64998100 1.00000000

-0.50425870 -0.43606850 0.74536430 0.00000000
-0.85941780 0.33778360 -0.38380150 0.00000000
-0.08440775 -0.83411430 -0.54509510 0.00000000
0.51086840 0.58064620 -2.67995800 1.00000000

-0.01325226 -0.93416680 -0.35659030 0.00000000
-0.68357930 -0.25180530 0.68506470 0.00000000
-0.72975610 0.25283640 -0.63524010 0.00000000
0.56741220 0.55455080 -2.69635900 1.00000000

-0.68316500 -0.30667030 0.66275170 0.00000000
-0.02724186 0.91762050 0.39652360 0.00000000
-0.72975610 0.25283640 -0.63524010 0.00000000
0.54617480 0.54672800 -2.67507600 1.00000000

0.00138193 -0.84562090 -0.53378250 0.00000000
-0.61114230 -0.42321430 0.66887620 0.00000000
-0.79151950 0.32529280 -0.51737930 0.00000000
0.54507240 0.56654180 -2.70965600 1.00000000

-0.60623400 -0.31081940 0.73203300 0.00000000
0.07731339 0.89307110 0.44322310 0.00000000
-0.79151950 0.32529280 -0.51737930 0.00000000
0.52088890 0.54979460 -2.68318800 1.00000000

0.08785446 -0.76355260 -0.63974150 0.00000000
-0.50610500 -0.58737290 0.63154690 0.00000000
-0.85798570 0.26829220 -0.43804090 0.00000000
0.52239480 0.57781590 -2.72247500 1.00000000

-0.51244960 -0.50589380 0.69387870 0.00000000
-0.03544012 0.81981190 0.57153570 0.00000000
-0.85798570 0.26829220 -0.43804090 0.00000000
0.50293670 0.55523300 -2.69819400 1.00000000

0.05193356 -0.79006870 -0.61081460 0.00000000
-0.35813000 -0.58569160 0.72712360 0.00000000
-0.93222630 0.18098900 -0.31336420 0.00000000
0.49181530 0.58483260 -2.73128900 1.00000000

-0.35875350 -0.57573150 0.73473110 0.00000000
-0.04743558 0.79735610 0.60164250 0.00000000
-0.93222630 0.18098900 -0.31336420 0.00000000
0.47813390 0.56245850 -2.70351100 1.00000000

-0.48241620 0.70046360 -0.52595220 0.00000000
-0.81049530 -0.58468220 -0.03527430 0.00000000
-0.33222340 0.40926490 0.84978250 0.00000000
0.48183580 0.63869760 -2.69148300 1.00000000

-0.91081860 -0.37325670 -0.17632060 0.00000000
0.24502530 -0.83257530 0.49677060 0.00000000
-0.33222340 0.40926490 0.84978250 0.00000000
0.45505580 0.61937800 -2.69264900 1.00000000

0.50067910 0.50507410 -0.70300840 0.00000000
-0.03102105 -0.80114140 -0.59767070 0.00000000
-0.86507700 0.32104930 -0.38544680 0.00000000
0.54397970 0.72433960 -2.60814400 1.00000000

0.51331070 0.35706440 -0.78039570 0.00000000
0.83448530 -0.41997100 0.35673370 0.00000000
-0.20036650 -0.83434380 -0.51354070 0.00000000
0.32236130 0.95816730 -2.54249400 1.00000000

-0.05997599 -0.96664460 0.24900030 0.00000000
0.99030980 -0.08892265 -0.10667390 0.00000000
0.12525750 0.24018950 0.96261070 0.00000000
-0.03259721 0.93253720 -2.61322000 1.00000000

0.02154504 -0.83546110 0.54912700 0.00000000
0.83639780 0.31595830 0.44789410 0.00000000
-0.54769930 0.44963860 0.70558510 0.00000000
-0.32414390 0.95871630 -2.58181500 1.00000000

0.02155816 -0.83545350 0.54913810 0.00000000
-0.63835700 0.41122180 0.65068980 0.00000000
-0.76943870 -0.36457380 -0.52445250 0.00000000
-0.55331680 0.87214450 -2.70453900 1.00000000

0.45014690 -0.75494650 0.47688960 0.00000000
-0.79301390 -0.09247924 0.60214330 0.00000000
-0.41048360 -0.64923290 -0.64031230 0.00000000
-0.44798790 0.80429210 -2.81190300 1.00000000

-0.24940950 0.83778010 -0.48571570 0.00000000
-0.44686110 -0.54453930 -0.70978310 0.00000000
-0.85913340 0.04002087 0.51018440 0.00000000
-0.35727390 0.77887990 -2.83754000 1.00000000

-0.79961140 0.25431200 0.54401030 0.00000000
-0.25693000 0.67392000 -0.69268970 0.00000000
-0.54277860 -0.69365480 -0.47353370 0.00000000
-0.36515820 0.77460440 -2.90131100 1.00000000

-0.30381980 0.68779430 -0.65926690 0.00000000
0.78299760 -0.21396690 -0.58406620 0.00000000
-0.54277850 -0.69365500 -0.47353370 0.00000000
-0.35717660 0.75366700 -2.87979100 1.00000000

-0.81180130 0.05952274 0.58089210 0.00000000
-0.33770030 0.76370500 -0.55019390 0.00000000
-0.47637940 -0.64281560 -0.59987590 0.00000000
-0.35419910 0.79332380 -2.88262800 1.00000000

-0.23037130 0.74968550 -0.62040390 0.00000000
0.84852350 -0.15735340 -0.50522080 0.00000000
-0.47637940 -0.64281560 -0.59987590 0.00000000
-0.34083590 0.76310350 -2.86085600 1.00000000

-0.75419310 -0.07064871 0.65284130 0.00000000
-0.40419270 0.83348150 -0.37674550 0.00000000
-0.51751450 -0.54801230 -0.65716150 0.00000000
-0.34277850 0.81125210 -2.86381700 1.00000000

-0.32464190 0.83633100 -0.44176770 0.00000000
0.79169860 -0.01527900 -0.61072110 0.00000000
-0.51751450 -0.54801230 -0.65716150 0.00000000
-0.32723920 0.77920840 -2.84933200 1.00000000

-0.77986350 -0.03323533 0.62506650 0.00000000
-0.27350560 0.91631220 -0.29251780 0.00000000
-0.56303420 -0.39908320 -0.72368880 0.00000000
-0.32570400 0.82378380 -2.83904900 1.00000000

-0.26369810 0.91665720 -0.30033830 0.00000000
0.78323420 0.02173460 -0.62134650 0.00000000
-0.56303420 -0.39908320 -0.72368880 0.00000000
-0.31525480 0.78877820 -2.82787400 1.00000000

-0.04724465 -0.85533690 -0.51591360 0.00000000
-0.88231180 0.27787080 -0.37988670 0.00000000
0.46828830 0.43724890 -0.76780160 0.00000000
-0.37428870 0.82328080 -2.79188200 1.00000000

-0.86216340 0.03597803 -0.50535150 0.00000000
-0.19334040 0.89862080 0.39382820 0.00000000
0.46828830 0.43724890 -0.76780160 0.00000000
-0.34513570 0.81410000 -2.77933000 1.00000000

0.10683720 -0.78982040 0.60396160 0.00000000
-0.63835700 0.41122180 0.65068980 0.00000000
-0.76229020 -0.45506090 -0.46025350 0.00000000
-0.49267270 0.83307800 -2.76635500 1.00000000

0.59828570 -0.21649280 0.77148240 0.00000000
0.63911870 0.70966160 -0.29649270 0.00000000
-0.48330290 0.67045620 0.56294490 0.00000000
-0.32206310 0.97038940 -2.58841000 1.00000000

0.97046670 -0.24108230 -0.00858631 0.00000000
-0.23360040 -0.93027380 -0.28288040 0.00000000
0.06020985 0.27653180 -0.95911670 0.00000000
0.15572730 0.49642810 -2.53150400 1.00000000

0.97046740 -0.24107960 -0.00858552 0.00000000
-0.23723020 -0.94730620 -0.21525050 0.00000000
0.04375939 0.21093030 -0.97652110 0.00000000
0.09627777 0.25968060 -2.60349500 1.00000000

0.51895850 -0.56012280 0.64571240 0.00000000
0.13168610 -0.69399120 -0.70783820 0.00000000
0.84459520 0.45237000 -0.28639230 0.00000000
0.04750225 0.06509092 -2.65281700 1.00000000

0.75924260 -0.51805760 0.39391240 0.00000000
-0.07665596 -0.67224040 -0.73635360 0.00000000
0.64627750 0.52887520 -0.55010570 0.00000000
0.11740670 0.06565121 -2.70464200 1.00000000

0.98179400 -0.00118934 -0.18994500 0.00000000
0.02755577 0.99029390 0.13623040 0.00000000
0.18793940 -0.13898430 0.97229740 0.00000000
-0.13967690 0.46782090 -2.52961000 1.00000000

0.98179400 -0.00119039 -0.18994520 0.00000000
-0.17963820 -0.33079940 -0.92644590 0.00000000
-0.06173092 0.94370040 -0.32499070 0.00000000
-0.14573910 0.24995620 -2.55958100 1.00000000

0.93339900 0.19393720 -0.30191830 0.00000000
-0.24260080 -0.27890530 -0.92917000 0.00000000
-0.26440720 0.94053180 -0.21328050 0.00000000
-0.11286560 0.30522110 -2.39001000 1.00000000

0.93339900 0.19393720 -0.30191830 0.00000000
-0.24260080 -0.27890520 -0.92917010 0.00000000
-0.26440720 0.94053180 -0.21328050 0.00000000
-0.08455872 0.24769850 -2.33116600 1.00000000

1.00000000 0.00000000 0.00000000 0.00000000
0.00000000 1.00000000 0.00000000 0.00000000
0.00000000 0.00000000 1.00000000 0.00000000
0.00000000 0.00000000 0.00000000 1.00000000

1.00000000 0.00000000 0.00000000 0.00000000
0.00000000 1.00000000 0.00000000 0.00000000
0.00000000 0.00000000 1.00000000 0.00000000
0.00000000 0.00000000 0.00000000 1.00000000

1.00000000 0.00000000 0.00000000 0.00000000
0.00000000 1.00000000 0.00000000 0.00000000
0.00000000 0.00000000 1.00000000 0.00000000
0.00000000 0.00000000 0.00000000 1.00000000

0.99532320 0.09638920 -0.00638244 0.00000000
-0.09274969 0.93509230 -0.34205240 0.00000000
-0.02700198 0.34104460 0.93965920 0.00000000
0.00334522 0.52988960 -2.53901700 1.00000000

0.99992260 -0.00242385 -0.01220398 0.00000000
-0.00000001 0.98084130 -0.19480790 0.00000000
0.01244236 0.19479290 0.98076550 0.00000000
0.00379093 0.60000670 -2.56436700 1.00000000

0.99970630 -0.00408960 -0.02388974 0.00000000
0.00063413 0.98973800 -0.14289300 0.00000000
0.02422896 0.14283590 0.98944980 0.00000000
0.00396479 0.70269260 -2.58504300 1.00000000

0.99815350 0.00685876 0.06035443 0.00000000
0.00063169 0.99237890 -0.12322220 0.00000000
-0.06073961 0.12303270 0.99054210 0.00000000
0.00234515 0.79213310 -2.59904900 1.00000000

0.99815350 0.00685876 0.06035443 0.00000000
0.00409763 0.98373840 -0.17956070 0.00000000
-0.06060454 0.17947650 0.98189380 0.00000000
0.00200822 0.97839090 -2.61464400 1.00000000

0.99957260 0.01829243 -0.02280592 0.00000000
-0.01600736 0.99519070 0.09663963 0.00000000
0.02446401 -0.09623330 0.99505810 0.00000000
0.00272009 1.03237300 -2.60535100 1.00000000

0.99957260 0.01829243 -0.02280592 0.00000000
-0.01919926 0.99900700 -0.04019939 0.00000000
0.02204795 0.04062002 0.99893140 0.00000000
0.00000227 1.12969800 -2.64640800 1.00000000

0.99705460 -0.07430815 -0.01898487 0.00000000
0.07523438 0.99570720 0.05391660 0.00000000
0.01489695 -0.05518623 0.99836490 0.00000000
-0.03304942 1.11608900 -2.75850300 1.00000000

0.99957260 0.01829243 -0.02280592 0.00000000
-0.01919926 0.99900700 -0.04019939 0.00000000
0.02204795 0.04062002 0.99893140 0.00000000
-0.00271755 1.12260100 -2.77130600 1.00000000

0.99379440 0.10807170 -0.02632912 0.00000000
0.10902570 -0.99331280 0.03798520 0.00000000
-0.02204795 -0.04062002 -0.99893140 0.00000000
0.02833712 1.11715600 -2.76016500 1.00000000

0.99957260 0.01829243 -0.02280592 0.00000000
0.02003603 -0.99669450 0.07872964 0.00000000
-0.02129038 -0.07915291 -0.99663500 0.00000000
0.05385512 1.10088200 -2.74212800 1.00000000

0.99957260 0.01829243 -0.02280592 0.00000000
-0.02003603 0.99669450 -0.07872970 0.00000000
0.02129039 0.07915297 0.99663510 0.00000000
-0.00272024 1.12547600 -2.76911900 1.00000000

0.99957260 0.01829243 -0.02280592 0.00000000
0.02003603 -0.99669450 0.07872964 0.00000000
-0.02129038 -0.07915291 -0.99663500 0.00000000
0.05480921 1.18962200 -2.68895500 1.00000000

0.99957260 0.01829243 -0.02280592 0.00000000
0.02003603 -0.99669450 0.07872964 0.00000000
-0.02129038 -0.07915291 -0.99663500 0.00000000
-0.00037439 1.20863200 -2.73991900 1.00000000

0.99957260 0.01829243 -0.02280592 0.00000000
0.02003603 -0.99669450 0.07872964 0.00000000
-0.02129038 -0.07915291 -0.99663500 0.00000000
0.02956050 1.11860000 -2.76080700 1.00000000

0.99957260 0.01829243 -0.02280592 0.00000000
0.02003603 -0.99669450 0.07872964 0.00000000
-0.02129038 -0.07915291 -0.99663500 0.00000000
0.08085714 1.22768600 -2.70679900 1.00000000

0.99957260 0.01829243 -0.02280592 0.00000000
-0.02003603 0.99669450 -0.07872970 0.00000000
0.02129039 0.07915297 0.99663510 0.00000000
-0.00343914 1.15849400 -2.77414700 1.00000000

0.99957260 0.01829243 -0.02280592 0.00000000
-0.02003603 0.99669450 -0.07872970 0.00000000
0.02129039 0.07915297 0.99663510 0.00000000
-0.05711963 1.09884200 -2.73955500 1.00000000

0.99957260 0.01829243 -0.02280592 0.00000000
-0.02003603 0.99669450 -0.07872970 0.00000000
0.02129039 0.07915297 0.99663510 0.00000000
-0.05884219 1.18754200 -2.68636200 1.00000000

0.99957260 0.01829243 -0.02280592 0.00000000
-0.02003603 0.99669450 -0.07872970 0.00000000
0.02129039 0.07915297 0.99663510 0.00000000
-0.03433488 1.11742000 -2.75932900 1.00000000

0.99977750 0.02047570 -0.00508393 0.00000000
0.02094314 -0.99230840 0.12200570 0.00000000
-0.00254669 -0.12208500 -0.99251650 0.00000000
0.05480921 1.18962200 -2.68895500 1.00000000

0.99975940 0.01976340 -0.00952411 0.00000000
-0.02069011 0.99374200 -0.10976590 0.00000000
0.00729517 0.10993660 0.99391190 0.00000000
-0.05884219 1.18754200 -2.68636200 1.00000000

0.99957260 0.01829243 -0.02280592 0.00000000
0.02003603 -0.99669450 0.07872964 0.00000000
-0.02129038 -0.07915291 -0.99663500 0.00000000
0.02249418 1.15739900 -2.74647100 1.00000000

0.99957260 0.01829243 -0.02280592 0.00000000
-0.02003603 0.99669450 -0.07872970 0.00000000
0.02129039 0.07915297 0.99663510 0.00000000
-0.02802628 1.15647400 -2.74531800 1.00000000

0.99957260 0.01829243 -0.02280592 0.00000000
0.02003603 -0.99669450 0.07872964 0.00000000
-0.02129038 -0.07915291 -0.99663500 0.00000000
0.08429808 1.14611100 -2.73103500 1.00000000

0.99957260 0.01829243 -0.02280592 0.00000000
-0.02003603 0.99669450 -0.07872970 0.00000000
0.02129039 0.07915297 0.99663510 0.00000000
-0.08860798 1.14294700 -2.72709000 1.00000000

0.99957260 0.01829243 -0.02280592 0.00000000
-0.02003603 0.99669450 -0.07872970 0.00000000
0.02129039 0.07915297 0.99663510 0.00000000
-0.00338181 1.20651800 -2.73310100 1.00000000

0.99957260 0.01829243 -0.02280592 0.00000000
-0.02003603 0.99669450 -0.07872970 0.00000000
0.02129039 0.07915297 0.99663510 0.00000000
-0.08703811 1.22456300 -2.70244100 1.00000000

0.99957260 0.01829243 -0.02280592 0.00000000
-0.02003603 0.99669450 -0.07872970 0.00000000
0.02129039 0.07915297 0.99663510 0.00000000
-0.00677165 1.20851500 -2.73977300 1.00000000

0.99957260 0.01829243 -0.02280592 0.00000000
-0.01600736 0.99519070 0.09663963 0.00000000
0.02446401 -0.09623330 0.99505810 0.00000000
-0.06745835 1.18398900 -2.72648700 1.00000000

-0.02173802 0.96793250 -0.25026850 0.00000000
0.96963150 0.08140644 0.23062510 0.00000000
0.24360300 -0.23765500 -0.94030740 0.00000000
0.03681454 0.93301430 -2.60902300 1.00000000

0.34973360 0.55146130 -0.75734880 0.00000000
0.81989950 -0.57128730 -0.03736271 0.00000000
-0.45326750 -0.60788270 -0.65194140 0.00000000
0.32227410 0.95698040 -2.54112700 1.00000000

0.34973550 0.55145880 -0.75734970 0.00000000
-0.03102105 -0.80114140 -0.59767070 0.00000000
-0.93633490 0.23252060 -0.26308070 0.00000000
0.54692670 0.80044810 -2.55136500 1.00000000

0.61747890 0.52719230 -0.58377070 0.00000000
0.02316818 -0.75402360 -0.65643880 0.00000000
-0.78624640 0.39181210 -0.47780770 0.00000000
0.54180820 0.66825970 -2.64998100 1.00000000

-0.50425870 -0.43606850 0.74536430 0.00000000
-0.85941780 0.33778360 -0.38380150 0.00000000
-0.08440775 -0.83411430 -0.54509510 0.00000000
0.51086840 0.58064620 -2.67995800 1.00000000

-0.01325226 -0.93416680 -0.35659030 0.00000000
-0.68357930 -0.25180530 0.68506470 0.00000000
-0.72975610 0.25283640 -0.63524010 0.00000000
0.56741220 0.55455080 -2.69635900 1.00000000

-0.68316500 -0.30667030 0.66275170 0.00000000
-0.02724186 0.91762050 0.39652360 0.00000000
-0.72975610 0.25283640 -0.63524010 0.00000000
0.54617480 0.54672800 -2.67507600 1.00000000

0.00138193 -0.84562090 -0.53378250 0.00000000
-0.61114230 -0.42321430 0.66887620 0.00000000
-0.79151950 0.32529280 -0.51737930 0.00000000
0.54507240 0.56654180 -2.70965600 1.00000000

-0.60623400 -0.31081940 0.73203300 0.00000000
0.07731339 0.89307110 0.44322310 0.00000000
-0.79151950 0.32529280 -0.51737930 0.00000000
0.52088890 0.54979460 -2.68318800 1.00000000

0.08785446 -0.76355260 -0.63974150 0.00000000
-0.50610500 -0.58737290 0.63154690 0.00000000
-0.85798570 0.26829220 -0.43804090 0.00000000
0.52239480 0.57781590 -2.72247500 1.00000000

-0.51244960 -0.50589380 0.69387870 0.00000000
-0.03544012 0.81981190 0.57153570 0.00000000
-0.85798570 0.26829220 -0.43804090 0.00000000
0.50293670 0.55523300 -2.69819400 1.00000000

0.05193356 -0.79006870 -0.61081460 0.00000000
-0.35813000 -0.58569160 0.72712360 0.00000000
-0.93222630 0.18098900 -0.31336420 0.00000000
0.49181530 0.58483260 -2.73128900 1.00000000

-0.35875350 -0.57573150 0.73473110 0.00000000
-0.04743558 0.79735610 0.60164250 0.00000000
-0.93222630 0.18098900 -0.31336420 0.00000000
0.47813390 0.56245850 -2.70351100 1.00000000

-0.48241620 0.70046360 -0.52595220 0.00000000
-0.81049530 -0.58468220 -0.03527430 0.00000000
-0.33222340 0.40926490 0.84978250 0.00000000
0.48183580 0.63869760 -2.69148300 1.00000000

-0.91081860 -0.37325670 -0.17632060 0.00000000
0.24502530 -0.83257530 0.49677060 0.00000000
-0.33222340 0.40926490 0.84978250 0.00000000
0.45505580 0.61937800 -2.69264900 1.00000000

0.50067910 0.50507410 -0.70300840 0.00000000
-0.03102105 -0.80114140 -0.59767070 0.00000000
-0.86507700 0.32104930 -0.38544680 0.00000000
0.54397970 0.72433960 -2.60814400 1.00000000

0.51331070 0.35706440 -0.78039570 0.00000000
0.83448530 -0.41997100 0.35673370 0.00000000
-0.20036650 -0.83434380 -0.51354070 0.00000000
0.32236130 0.95816730 -2.54249400 1.00000000

-0.05997599 -0.96664460 0.24900030 0.00000000
0.99030980 -0.08892265 -0.10667390 0.00000000
0.12525750 0.24018950 0.96261070 0.00000000
-0.03259721 0.93253720 -2.61322000 1.00000000

0.02154504 -0.83546110 0.54912700 0.00000000
0.83639780 0.31595830 0.44789410 0.00000000
-0.54769930 0.44963860 0.70558510 0.00000000
-0.32414390 0.95871630 -2.58181500 1.00000000

0.02155816 -0.83545350 0.54913810 0.00000000
-0.63835700 0.41122180 0.65068980 0.00000000
-0.76943870 -0.36457380 -0.52445250 0.00000000
-0.55331680 0.87214450 -2.70453900 1.00000000

0.45014690 -0.75494650 0.47688960 0.00000000
-0.79301390 -0.09247924 0.60214330 0.00000000
-0.41048360 -0.64923290 -0.64031230 0.00000000
-0.44798790 0.80429210 -2.81190300 1.00000000

-0.24940950 0.83778010 -0.48571570 0.00000000
-0.44686110 -0.54453930 -0.70978310 0.00000000
-0.85913340 0.04002087 0.51018440 0.00000000
-0.35727390 0.77887990 -2.83754000 1.00000000

-0.79961140 0.25431200 0.54401030 0.00000000
-0.25693000 0.67392000 -0.69268970 0.00000000
-0.54277860 -0.69365480 -0.47353370 0.00000000
-0.36515820 0.77460440 -2.90131100 1.00000000

-0.30381980 0.68779430 -0.65926690 0.00000000
0.78299760 -0.21396690 -0.58406620 0.00000000
-0.54277850 -0.69365500 -0.47353370 0.00000000
-0.35717660 0.75366700 -2.87979100 1.00000000

-0.81180130 0.05952274 0.58089210 0.00000000
-0.33770030 0.76370500 -0.55019390 0.00000000
-0.47637940 -0.64281560 -0.59987590 0.00000000
-0.35419910 0.79332380 -2.88262800 1.00000000

-0.23037130 0.74968550 -0.62040390 0.00000000
0.84852350 -0.15735340 -0.50522080 0.00000000
-0.47637940 -0.64281560 -0.59987590 0.00000000
-0.34083590 0.76310350 -2.86085600 1.00000000

-0.75419310 -0.07064871 0.65284130 0.00000000
-0.40419270 0.83348150 -0.37674550 0.00000000
-0.51751450 -0.54801230 -0.65716150 0.00000000
-0.34277850 0.81125210 -2.86381700 1.00000000

-0.32464190 0.83633100 -0.44176770 0.00000000
0.79169860 -0.01527900 -0.61072110 0.00000000
-0.51751450 -0.54801230 -0.65716150 0.00000000
-0.32723920 0.77920840 -2.84933200 1.00000000

-0.77986350 -0.03323533 0.62506650 0.00000000
-0.27350560 0.91631220 -0.29251780 0.00000000
-0.56303420 -0.39908320 -0.72368880 0.00000000
-0.32570400 0.82378380 -2.83904900 1.00000000

-0.26369810 0.91665720 -0.30033830 0.00000000
0.78323420 0.02173460 -0.62134650 0.00000000
-0.56303420 -0.39908320 -0.72368880 0.00000000
-0.31525480 0.78877820 -2.82787400 1.00000000

-0.04724465 -0.85533690 -0.51591360 0.00000000
-0.88231180 0.27787080 -0.37988670 0.00000000
0.46828830 0.43724890 -0.76780160 0.00000000
-0.37428870 0.82328080 -2.79188200 1.00000000

-0.86216340 0.03597803 -0.50535150 0.00000000
-0.19334040 0.89862080 0.39382820 0.00000000
0.46828830 0.43724890 -0.76780160 0.00000000
-0.34513570 0.81410000 -2.77933000 1.00000000

0.10683720 -0.78982040 0.60396160 0.00000000
-0.63835700 0.41122180 0.65068980 0.00000000
-0.76229020 -0.45506090 -0.46025350 0.00000000
-0.49267270 0.83307800 -2.76635500 1.00000000

0.59828570 -0.21649280 0.77148240 0.00000000
0.63911870 0.70966160 -0.29649270 0.00000000
-0.48330290 0.67045620 0.56294490 0.00000000
-0.32206310 0.97038940 -2.58841000 1.00000000

0.97046670 -0.24108230 -0.00858631 0.00000000
-0.23360040 -0.93027380 -0.28288040 0.00000000
0.06020985 0.27653180 -0.95911670 0.00000000
0.15572730 0.49642810 -2.53150400 1.00000000

0.97046740 -0.24107960 -0.00858552 0.00000000
-0.23723020 -0.94730620 -0.21525050 0.00000000
0.04375939 0.21093030 -0.97652110 0.00000000
0.09627777 0.25968060 -2.60349500 1.00000000

0.51895850 -0.56012280 0.64571240 0.00000000
0.13168610 -0.69399120 -0.70783820 0.00000000
0.84459520 0.45237000 -0.28639230 0.00000000
0.04750225 0.06509092 -2.65281700 1.00000000

0.75924260 -0.51805760 0.39391240 0.00000000
-0.07665596 -0.67224040 -0.73635360 0.00000000
0.64627750 0.52887520 -0.55010570 0.00000000
0.11740670 0.06565121 -2.70464200 1.00000000

0.98179400 -0.00118934 -0.18994500 0.00000000
0.02755577 0.99029390 0.13623040 0.00000000
0.18793940 -0.13898430 0.97229740 0.00000000
-0.13967690 0.46782090 -2.52961000 1.00000000

0.98179400 -0.00119039 -0.18994520 0.00000000
-0.17963820 -0.33079940 -0.92644590 0.00000000
-0.06173092 0.94370040 -0.32499070 0.00000000
-0.14573910 0.24995620 -2.55958100 1.00000000

0.93339900 0.19393720 -0.30191830 0.00000000
-0.24260080 -0.27890530 -0.92917000 0.00000000
-0.26440720 0.94053180 -0.21328050 0.00000000
-0.11286560 0.30522110 -2.39001000 1.00000000

0.93339900 0.19393720 -0.30191830 0.00000000
-0.24260080 -0.27890520 -0.92917010 0.00000000
-0.26440720 0.94053180 -0.21328050 0.00000000
-0.08455872 0.24769850 -2.33116600 1.00000000

1.00000000 0.00000000 0.00000000 0.00000000
0.00000000 1.00000000 0.00000000 0.00000000
0.00000000 0.00000000 1.00000000 0.00000000
0.00000000 0.00000000 0.00000000 1.00000000

1.00000000 0.00000000 0.00000000 0.00000000
0.00000000 1.00000000 0.00000000 0.00000000
0.00000000 0.00000000 1.00000000 0.00000000
0.00000000 0.00000000 0.00000000 1.00000000

1.00000000 0.00000000 0.00000000 0.00000000
0.00000000 1.00000000 0.00000000 0.00000000
0.00000000 0.00000000 1.00000000 0.00000000
0.00000000 0.00000000 0.00000000 1.00000000

0.99532320 0.09638920 -0.00638244 0.00000000
-0.09274969 0.93509230 -0.34205240 0.00000000
-0.02700198 0.34104460 0.93965920 0.00000000
0.00334522 0.52988960 -2.53901700 1.00000000

0.99992260 -0.00242385 -0.01220398 0.00000000
-0.00000001 0.98084130 -0.19480790 0.00000000
0.01244236 0.19479290 0.98076550 0.00000000
0.00379093 0.60000670 -2.56436700 1.00000000

0.99970630 -0.00408960 -0.02388974 0.00000000
0.00063413 0.98973800 -0.14289300 0.00000000
0.02422896 0.14283590 0.98944980 0.00000000
0.00396479 0.70269260 -2.58504300 1.00000000

0.99815350 0.00685876 0.06035443 0.00000000
0.00063169 0.99237890 -0.12322220 0.00000000
-0.06073961 0.12303270 0.99054210 0.00000000
0.00234515 0.79213310 -2.59904900 1.00000000

0.99815350 0.00685876 0.06035443 0.00000000
0.00409763 0.98373840 -0.17956070 0.00000000
-0.06060454 0.17947650 0.98189380 0.00000000
0.00200822 0.97839090 -2.61464400 1.00000000

0.99957260 0.01829243 -0.02280592 0.00000000
-0.01600736 0.99519070 0.09663963 0.00000000
0.02446401 -0.09623330 0.99505810 0.00000000
0.00272009 1.03237300 -2.60535100 1.00000000

0.99957260 0.01829243 -0.02280592 0.00000000
-0.01919926 0.99900700 -0.04019939 0.00000000
0.02204795 0.04062002 0.99893140 0.00000000
0.00000227 1.12969800 -2.64640800 1.00000000

0.99705460 -0.07430815 -0.01898487 0.00000000
0.07523438 0.99570720 0.05391660 0.00000000
0.01489695 -0.05518623 0.99836490 0.00000000
-0.03304942 1.11608900 -2.75850300 1.00000000

0.99957260 0.01829243 -0.02280592 0.00000000
-0.01919926 0.99900700 -0.04019939 0.00000000
0.02204795 0.04062002 0.99893140 0.00000000
-0.00271755 1.12260100 -2.77130600 1.00000000

0.99379440 0.10807170 -0.02632912 0.00000000
0.10902570 -0.99331280 0.03798520 0.00000000
-0.02204795 -0.04062002 -0.99893140 0.00000000
0.02833712 1.11715600 -2.76016500 1.00000000

0.99957260 0.01829243 -0.02280592 0.00000000
0.02003603 -0.99669450 0.07872964 0.00000000
-0.02129038 -0.07915291 -0.99663500 0.00000000
0.05385512 1.10088200 -2.74212800 1.00000000

0.99957260 0.01829243 -0.02280592 0.00000000
-0.02003603 0.99669450 -0.07872970 0.00000000
0.02129039 0.07915297 0.99663510 0.00000000
-0.00272024 1.12547600 -2.76911900 1.00000000

0.99957260 0.01829243 -0.02280592 0.00000000
0.02003603 -0.99669450 0.07872964 0.00000000
-0.02129038 -0.07915291 -0.99663500 0.00000000
0.05480921 1.18962200 -2.68895500 1.00000000

0.99957260 0.01829243 -0.02280592 0.00000000
0.02003603 -0.99669450 0.07872964 0.00000000
-0.02129038 -0.07915291 -0.99663500 0.00000000
-0.00037439 1.20863200 -2.73991900 1.00000000

0.99957260 0.01829243 -0.02280592 0.00000000
0.02003603 -0.99669450 0.07872964 0.00000000
-0.02129038 -0.07915291 -0.99663500 0.00000000
0.02956050 1.11860000 -2.76080700 1.00000000

0.99957260 0.01829243 -0.02280592 0.00000000
0.02003603 -0.99669450 0.07872964 0.00000000
-0.02129038 -0.07915291 -0.99663500 0.00000000
0.08085714 1.22768600 -2.70679900 1.00000000

0.99957260 0.01829243 -0.02280592 0.00000000
-0.02003603 0.99669450 -0.07872970 0.00000000
0.02129039 0.07915297 0.99663510 0.00000000
-0.00343914 1.15849400 -2.77414700 1.00000000

0.99957260 0.01829243 -0.02280592 0.00000000
-0.02003603 0.99669450 -0.07872970 0.00000000
0.02129039 0.07915297 0.99663510 0.00000000
-0.05711963 1.09884200 -2.73955500 1.00000000

0.99957260 0.01829243 -0.02280592 0.00000000
-0.02003603 0.99669450 -0.07872970 0.00000000
0.02129039 0.07915297 0.99663510 0.00000000
-0.05884219 1.18754200 -2.68636200 1.00000000

0.99957260 0.01829243 -0.02280592 0.00000000
-0.02003603 0.99669450 -0.07872970 0.00000000
0.02129039 0.07915297 0.99663510 0.00000000
-0.03433488 1.11742000 -2.75932900 1.00000000

0.99977750 0.02047570 -0.00508393 0.00000000
0.02094314 -0.99230840 0.12200570 0.00000000
-0.00254669 -0.12208500 -0.99251650 0.00000000
0.05480921 1.18962200 -2.68895500 1.00000000

0.99975940 0.01976340 -0.00952411 0.00000000
-0.02069011 0.99374200 -0.10976590 0.00000000
0.00729517 0.10993660 0.99391190 0.00000000
-0.05884219 1.18754200 -2.68636200 1.00000000

0.99957260 0.01829243 -0.02280592 0.00000000
0.02003603 -0.99669450 0.07872964 0.00000000
-0.02129038 -0.07915291 -0.99663500 0.00000000
0.02249418 1.15739900 -2.74647100 1.00000000

0.99957260 0.01829243 -0.02280592 0.00000000
-0.02003603 0.99669450 -0.07872970 0.00000000
0.02129039 0.07915297 0.99663510 0.00000000
-0.02802628 1.15647400 -2.74531800 1.00000000

0.99957260 0.01829243 -0.02280592 0.00000000
0.02003603 -0.99669450 0.07872964 0.00000000
-0.02129038 -0.07915291 -0.99663500 0.00000000
0.08429808 1.14611100 -2.73103500 1.00000000

0.99957260 0.01829243 -0.02280592 0.00000000
-0.02003603 0.99669450 -0.07872970 0.00000000
0.02129039 0.07915297 0.99663510 0.00000000
-0.08860798 1.14294700 -2.72709000 1.00000000

0.99957260 0.01829243 -0.02280592 0.00000000
-0.02003603 0.99669450 -0.07872970 0.00000000
0.02129039 0.07915297 0.99663510 0.00000000
-0.00338181 1.20651800 -2.73310100 1.00000000

0.99957260 0.01829243 -0.02280592 0.00000000
-0.02003603 0.99669450 -0.07872970 0.00000000
0.02129039 0.07915297 0.99663510 0.00000000
-0.08703811 1.22456300 -2.70244100 1.00000000

0.99957260 0.01829243 -0.02280592 0.00000000
-0.02003603 0.99669450 -0.07872970 0.00000000
0.02129039 0.07915297 0.99663510 0.00000000
-0.00677165 1.20851500 -2.73977300 1.00000000

0.99957260 0.01829243 -0.02280592 0.00000000
-0.01600736 0.99519070 0.09663963 0.00000000
0.02446401 -0.09623330 0.99505810 0.00000000
-0.06745835 1.18398900 -2.72648700 1.00000000

-0.02173802 0.96793250 -0.25026850 0.00000000
0.96963150 0.08140644 0.23062510 0.00000000
0.24360300 -0.23765500 -0.94030740 0.00000000
0.03681454 0.93301430 -2.60902300 1.00000000

0.34973360 0.55146130 -0.75734880 0.00000000
0.81989950 -0.57128730 -0.03736271 0.00000000
-0.45326750 -0.60788270 -0.65194140 0.00000000
0.32227410 0.95698040 -2.54112700 1.00000000

0.34973550 0.55145880 -0.75734970 0.00000000
-0.03102105 -0.80114140 -0.59767070 0.00000000
-0.93633490 0.23252060 -0.26308070 0.00000000
0.54692670 0.80044810 -2.55136500 1.00000000

0.61747890 0.52719230 -0.58377070 0.00000000
0.02316818 -0.75402360 -0.65643880 0.00000000
-0.78624640 0.39181210 -0.47780770 0.00000000
0.54180820 0.66825970 -2.64998100 1.00000000

-0.50425870 -0.43606850 0.74536430 0.00000000
-0.85941780 0.33778360 -0.38380150 0.00000000
-0.08440775 -0.83411430 -0.54509510 0.00000000
0.51086840 0.58064620 -2.67995800 1.00000000

-0.01325226 -0.93416680 -0.35659030 0.00000000
-0.68357930 -0.25180530 0.68506470 0.00000000
-0.72975610 0.25283640 -0.63524010 0.00000000
0.56741220 0.55455080 -2.69635900 1.00000000

-0.68316500 -0.30667030 0.66275170 0.00000000
-0.02724186 0.91762050 0.39652360 0.00000000
-0.72975610 0.25283640 -0.63524010 0.00000000
0.54617480 0.54672800 -2.67507600 1.00000000

0.00138193 -0.84562090 -0.53378250 0.00000000
-0.61114230 -0.42321430 0.66887620 0.00000000
-0.79151950 0.32529280 -0.51737930 0.00000000
0.54507240 0.56654180 -2.70965600 1.00000000

-0.60623400 -0.31081940 0.73203300 0.00000000
0.07731339 0.89307110 0.44322310 0.00000000
-0.79151950 0.32529280 -0.51737930 0.00000000
0.52088890 0.54979460 -2.68318800 1.00000000

0.08785446 -0.76355260 -0.63974150 0.00000000
-0.50610500 -0.58737290 0.63154690 0.00000000
-0.85798570 0.26829220 -0.43804090 0.00000000
0.52239480 0.57781590 -2.72247500 1.00000000

-0.51244960 -0.50589380 0.69387870 0.00000000
-0.03544012 0.81981190 0.57153570 0.00000000
-0.85798570 0.26829220 -0.43804090 0.00000000
0.50293670 0.55523300 -2.69819400 1.00000000

0.05193356 -0.79006870 -0.61081460 0.00000000
-0.35813000 -0.58569160 0.72712360 0.00000000
-0.93222630 0.18098900 -0.31336420 0.00000000
0.49181530 0.58483260 -2.73128900 1.00000000

-0.35875350 -0.57573150 0.73473110 0.00000000
-0.04743558 0.79735610 0.60164250 0.00000000
-0.93222630 0.18098900 -0.31336420 0.00000000
0.47813390 0.56245850 -2.70351100 1.00000000

-0.48241620 0.70046360 -0.52595220 0.00000000
-0.81049530 -0.58468220 -0.03527430 0.00000000
-0.33222340 0.40926490 0.84978250 0.00000000
0.48183580 0.63869760 -2.69148300 1.00000000

-0.91081860 -0.37325670 -0.17632060 0.00000000
0.24502530 -0.83257530 0.49677060 0.00000000
-0.33222340 0.40926490 0.84978250 0.00000000
0.45505580 0.61937800 -2.69264900 1.00000000

0.50067910 0.50507410 -0.70300840 0.00000000
-0.03102105 -0.80114140 -0.59767070 0.00000000
-0.86507700 0.32104930 -0.38544680 0.00000000
0.54397970 0.72433960 -2.60814400 1.00000000

0.51331070 0.35706440 -0.78039570 0.00000000
0.83448530 -0.41997100 0.35673370 0.00000000
-0.20036650 -0.83434380 -0.51354070 0.00000000
0.32236130 0.95816730 -2.54249400 1.00000000

-0.05997599 -0.96664460 0.24900030 0.00000000
0.99030980 -0.08892265 -0.10667390 0.00000000
0.12525750 0.24018950 0.96261070 0.00000000
-0.03259721 0.93253720 -2.61322000 1.00000000

0.02154504 -0.83546110 0.54912700 0.00000000
0.83639780 0.31595830 0.44789410 0.00000000
-0.54769930 0.44963860 0.70558510 0.00000000
-0.32414390 0.95871630 -2.58181500 1.00000000

0.02155816 -0.83545350 0.54913810 0.00000000
-0.63835700 0.41122180 0.65068980 0.00000000
-0.76943870 -0.36457380 -0.52445250 0.00000000
-0.55331680 0.87214450 -2.70453900 1.00000000

0.45014690 -0.75494650 0.47688960 0.00000000
-0.79301390 -0.09247924 0.60214330 0.00000000
-0.41048360 -0.64923290 -0.64031230 0.00000000
-0.44798790 0.80429210 -2.81190300 1.00000000

-0.24940950 0.83778010 -0.48571570 0.00000000
-0.44686110 -0.54453930 -0.70978310 0.00000000
-0.85913340 0.04002087 0.51018440 0.00000000
-0.35727390 0.77887990 -2.83754000 1.00000000

-0.79961140 0.25431200 0.54401030 0.00000000
-0.25693000 0.67392000 -0.69268970 0.00000000
-0.54277860 -0.69365480 -0.47353370 0.00000000
-0.36515820 0.77460440 -2.90131100 1.00000000

-0.30381980 0.68779430 -0.65926690 0.00000000
0.78299760 -0.21396690 -0.58406620 0.00000000
-0.54277850 -0.69365500 -0.47353370 0.00000000
-0.35717660 0.75366700 -2.87979100 1.00000000

-0.81180130 0.05952274 0.58089210 0.00000000
-0.33770030 0.76370500 -0.55019390 0.00000000
-0.47637940 -0.64281560 -0.59987590 0.00000000
-0.35419910 0.79332380 -2.88262800 1.00000000

-0.23037130 0.74968550 -0.62040390 0.00000000
0.84852350 -0.15735340 -0.50522080 0.00000000
-0.47637940 -0.64281560 -0.59987590 0.00000000
-0.34083590 0.76310350 -2.86085600 1.00000000

-0.75419310 -0.07064871 0.65284130 0.00000000
-0.40419270 0.83348150 -0.37674550 0.00000000
-0.51751450 -0.54801230 -0.65716150 0.00000000
-0.34277850 0.81125210 -2.86381700 1.00000000

-0.32464190 0.83633100 -0.44176770 0.00000000
0.79169860 -0.01527900 -0.61072110 0.00000000
-0.51751450 -0.54801230 -0.65716150 0.00000000
-0.32723920 0.77920840 -2.84933200 1.00000000

-0.77986350 -0.03323533 0.62506650 0.00000000
-0.27350560 0.91631220 -0.29251780 0.00000000
-0.56303420 -0.39908320 -0.72368880 0.00000000
-0.32570400 0.82378380 -2.83904900 1.00000000

-0.26369810 0.91665720 -0.30033830 0.00000000
0.78323420 0.02173460 -0.62134650 0.00000000
-0.56303420 -0.39908320 -0.72368880 0.00000000
-0.31525480 0.78877820 -2.82787400 1.00000000

-0.04724465 -0.85533690 -0.51591360 0.00000000
-0.88231180 0.27787080 -0.37988670 0.00000000
0.46828830 0.43724890 -0.76780160 0.00000000
-0.37428870 0.82328080 -2.79188200 1.00000000

-0.86216340 0.03597803 -0.50535150 0.00000000
-0.19334040 0.89862080 0.39382820 0.00000000
0.46828830 0.43724890 -0.76780160 0.00000000
-0.34513570 0.81410000 -2.77933000 1.00000000

0.10683720 -0.78982040 0.60396160 0.00000000
-0.63835700 0.41122180 0.65068980 0.00000000
-0.76229020 -0.45506090 -0.46025350 0.00000000
-0.49267270 0.83307800 -2.76635500 1.00000000

0.59828570 -0.21649280 0.77148240 0.00000000
0.63911870 0.70966160 -0.29649270 0.00000000
-0.48330290 0.67045620 0.56294490 0.00000000
-0.32206310 0.97038940 -2.58841000 1.00000000

0.97046670 -0.24108230 -0.00858631 0.00000000
-0.23360040 -0.93027380 -0.28288040 0.00000000
0.06020985 0.27653180 -0.95911670 0.00000000
0.15572730 0.49642810 -2.53150400 1.00000000

0.97046740 -0.24107960 -0.00858552 0.00000000
-0.23723020 -0.94730620 -0.21525050 0.00000000
0.04375939 0.21093030 -0.97652110 0.00000000
0.09627777 0.25968060 -2.60349500 1.00000000

0.51895850 -0.56012280 0.64571240 0.00000000
0.13168610 -0.69399120 -0.70783820 0.00000000
0.84459520 0.45237000 -0.28639230 0.00000000
0.04750225 0.06509092 -2.65281700 1.00000000

0.75924260 -0.51805760 0.39391240 0.00000000
-0.07665596 -0.67224040 -0.73635360 0.00000000
0.64627750 0.52887520 -0.55010570 0.00000000
0.11740670 0.06565121 -2.70464200 1.00000000

0.98179400 -0.00118934 -0.18994500 0.00000000
